0 1 2 1 3 
4 
5 
6 7 8 9 10 11 
12 6 0 13 
14 
15 
16 1 17 6 18 1 
19 1 1 20 6 21 1 
6 22 6 23 
24 6 25 6 12 26 1 27 
12 1 0 28 29 
30 31 12 6 12 1 32 9 
33 6 34 12 
0 35 6 36 
0 6 12 37 1 
38 12 1 6 6 6 1 
1 17 1 39 1 23 40 6 
0 41 42 43 1 
12 0 6 44 
1 19 45 46 1 47 1 1 
6 6 1 0 48 49 
50 18 51 52 12 
53 6 12 1 6 54 1 
1 55 56 1 57 1 
6 1 58 0 12 
59 
55 60 61 
62 
0 1 63 64 1 56 
12 6 12 12 32 65 
6 46 52 21 6 58 
12 66 6 1 6 43 67 48 
12 22 1 68 69 
3 1 1 6 28 12 58 70 6 1 
71 
12 12 72 
73 1 6 12 1 
74 12 12 
1 65 75 0 1 1 
0 1 76 69 77 67 
78 0 
79 6 41 45 
12 0 12 
80 81 1 82 1 42 1 
31 66 45 78 
83 6 0 28 12 
12 1 6 58 50 60 
1 66 6 12 81 1 6 30 
84 0 12 
85 
86 12 87 
0 1 88 6 89 
90 1 12 12 1 6 
91 7 6 64 0 83 
6 1 1 1 84 3 1 27 6 1 
0 1 31 12 46 
92 11 93 1 94 
95 89 11 12 40 1 
96 
97 12 61 
0 1 1 1 6 46 51 
98 99 
12 0 65 6 28 
11 0 6 60 25 
0 1 6 6 1 8 
0 0 
12 1 20 0 100 
0 6 101 81 76 
102 
103 2 104 12 6 
105 1 12 106 1 51 107 
6 45 1 0 94 100 
0 108 
27 105 109 12 64 
1 0 110 1 1 69 
52 1 111 0 12 
31 0 6 32 65 52 
0 1 112 6 76 49 113 
12 114 12 11 40 7 65 1 11 
1 0 111 6 115 1 116 
19 6 117 63 12 28 118 1 
119 105 78 68 
12 33 11 1 1 120 
13 70 121 6 13 61 1 
122 
75 123 1 6 12 1 
42 124 35 125 11 1 1 1 
8 107 42 126 13 6 1 83 89 70 
70 127 37 12 1 1 
6 6 107 12 1 128 81 
1 6 6 129 12 23 11 
7 119 20 0 
130 131 12 6 120 
33 6 23 1 1 
132 
101 73 124 107 
6 93 1 48 1 1 1 48 
12 1 12 130 6 133 13 
134 6 22 6 9 135 
95 6 6 91 1 46 
135 12 119 60 1 9 
6 6 0 12 
103 0 6 136 1 
137 
37 12 12 16 81 1 58 
1 12 12 87 1 1 1 
1 0 12 30 117 
138 
12 139 0 
1 6 92 140 6 12 19 
6 78 100 1 141 
142 75 143 
127 41 100 6 1 
1 0 1 1 6 51 1 
1 114 130 0 126 81 144 
115 12 145 81 136 
12 146 144 1 6 12 69 1 
147 63 141 
55 106 24 
148 0 67 113 76 1 
129 0 146 6 6 70 
149 95 18 6 
150 12 1 112 1 67 
12 87 135 90 151 
11 44 6 77 36 152 40 
6 6 6 6 81 84 118 6 
1 12 1 152 30 12 37 
1 45 20 12 1 153 6 
25 139 51 63 91 6 1 
104 140 154 12 
155 6 36 1 47 1 
112 12 6 0 1 
88 125 117 120 12 1 
1 28 152 1 156 1 
1 114 131 6 82 6 
0 117 60 6 
157 12 112 12 56 82 1 1 
18 158 0 
159 
42 12 1 1 89 1 91 82 1 1 
98 12 1 1 6 
12 144 6 31 76 1 12 
160 
1 0 6 12 1 
12 6 19 0 1 
161 130 6 12 162 
163 
0 12 1 6 69 
0 1 6 1 12 
164 
1 1 28 39 12 6 1 91 1 1 
165 
58 152 6 1 12 151 6 
150 166 12 
1 1 12 53 42 1 6 1 
167 
168 
44 126 153 169 
0 119 49 111 1 
131 0 
113 6 170 161 155 65 
33 0 
118 105 21 44 1 1 1 
171 99 
0 9 6 42 64 56 1 
53 6 172 53 52 48 136 172 
6 12 13 3 149 1 129 1 
0 1 12 173 134 
174 1 1 175 12 
1 1 12 8 22 
0 116 12 1 1 1 
12 21 89 39 58 
19 0 12 6 27 
12 54 0 42 
6 0 134 77 176 
42 12 13 128 12 
0 63 56 56 6 
161 1 151 6 104 1 
124 6 177 12 
178 0 1 12 83 30 
12 108 12 
36 0 133 6 6 
116 86 68 12 162 
64 6 149 82 105 12 157 1 
76 6 17 6 41 6 176 
12 1 76 101 1 1 61 
120 150 64 129 6 1 1 
1 127 100 179 1 1 133 32 
12 2 29 136 6 94 1 
180 118 0 6 1 120 1 
1 12 1 50 143 54 
181 
127 6 6 31 28 1 
1 153 12 152 32 134 1 
148 93 89 114 6 
87 100 70 133 60 6 6 
141 0 84 
169 1 157 119 1 
12 100 135 0 1 
6 12 6 144 57 1 1 
88 125 0 
65 0 1 1 54 89 112 146 
24 56 0 1 6 
18 1 12 146 1 24 162 
6 0 76 12 1 
73 6 162 140 133 1 
74 12 6 6 
1 12 1 0 6 
12 6 0 6 
6 1 1 1 1 16 52 121 
0 74 
12 94 182 6 
30 0 6 6 1 1 100 
32 12 134 120 26 169 
126 183 91 69 12 89 6 
184 107 12 32 176 
68 185 18 6 
154 1 135 128 1 
56 12 0 1 6 
94 6 186 124 179 1 
6 1 12 109 70 
97 12 32 6 1 
1 176 1 88 129 170 75 118 
173 150 1 28 87 
1 28 176 99 1 12 
8 87 0 1 113 
6 107 12 176 104 44 8 70 
53 1 6 11 130 1 40 162 162 6 114 
6 151 12 0 
61 12 184 
44 12 33 187 
79 12 1 6 67 
99 12 1 6 28 
140 68 89 12 1 12 19 1 
47 6 187 41 
6 1 114 1 12 2 6 48 
27 1 180 120 0 1 76 40 
12 12 0 
178 1 6 180 64 77 6 46 130 27 
6 12 147 6 
182 185 
121 119 123 69 13 46 
6 29 6 177 6 
136 1 1 12 6 91 1 12 
11 12 1 1 28 187 42 6 1 1 
0 1 6 75 1 
3 188 6 10 
189 
83 0 141 6 1 
45 1 6 82 120 0 
180 1 65 6 6 1 2 1 1 1 
73 6 12 6 
143 157 56 0 1 
83 0 12 43 48 70 
190 
68 191 53 6 
12 44 1 12 51 19 1 1 
12 1 6 64 33 
70 157 0 1 1 6 1 
0 12 1 1 32 9 
1 0 1 120 9 12 
1 6 192 51 104 89 
176 6 153 35 12 19 
6 6 81 11 0 176 1 
1 40 30 12 0 1 
12 140 136 12 146 52 6 
129 12 22 114 1 
25 1 116 180 0 1 1 1 
82 12 166 34 12 
6 0 6 51 162 1 
12 99 49 48 1 
6 13 12 12 144 1 69 
77 12 104 52 148 
67 77 47 51 1 
1 0 111 12 34 
1 6 94 6 12 155 29 11 
0 12 1 112 172 28 
12 12 130 110 6 1 
98 0 
6 20 6 1 12 1 6 36 
0 42 1 149 112 54 
0 6 115 54 6 
0 1 6 36 48 42 
1 100 47 12 6 
193 
23 0 12 
133 1 12 172 0 
26 94 150 6 1 6 
6 1 124 12 3 106 1 
12 118 21 6 112 
194 
6 41 47 48 176 
107 12 113 115 64 6 19 1 6 
195 6 115 50 
13 3 150 12 
1 195 6 178 6 64 100 
1 12 57 152 34 1 
0 12 1 1 1 67 
12 0 6 7 
13 60 174 169 
47 12 183 
184 95 
12 174 30 0 1 
6 172 75 158 12 1 
106 30 6 6 1 1 1 83 6 1 
6 179 6 30 0 6 
108 1 12 1 6 
110 0 12 
12 1 0 6 76 
196 
197 0 
109 6 58 12 46 
99 6 12 1 1 
6 81 0 172 12 
0 176 151 6 176 27 26 
198 
38 0 6 6 
172 1 29 0 16 
12 166 6 187 68 82 
162 0 1 46 94 1 6 
12 84 17 12 
17 1 113 6 0 
191 0 
94 0 12 6 
12 150 1 1 170 
1 12 1 6 139 24 
81 12 55 1 6 
34 17 0 25 1 
12 0 149 6 
199 
0 12 87 
0 12 31 34 
1 12 0 6 70 
6 112 90 0 69 
80 72 
79 179 18 6 1 
6 170 153 29 12 1 1 
12 64 12 100 12 1 1 
6 6 12 1 43 44 135 6 
12 136 154 27 1 1 
112 12 30 6 6 12 140 
0 44 81 77 1 
1 0 139 6 136 
114 40 81 6 7 6 13 12 172 
200 0 
12 6 12 32 6 6 100 
146 187 12 69 156 
171 30 6 27 35 
201 
30 90 12 6 1 7 6 
115 0 115 11 6 100 
0 12 12 
1 82 53 34 12 107 26 
6 151 83 41 34 158 172 
146 124 133 90 1 1 1 1 173 130 
0 106 12 
10 0 
6 0 40 6 39 1 
12 191 6 6 
1 153 36 6 6 32 6 1 1 
12 12 6 19 1 6 6 
86 46 70 151 12 
12 12 125 6 6 
57 6 114 17 92 1 
6 119 148 1 23 28 
32 64 0 115 30 1 6 
148 103 18 125 
6 124 6 6 2 6 32 1 
6 0 12 27 1 
75 26 26 0 124 
38 6 54 72 
38 162 0 113 6 
1 12 12 1 60 1 65 
45 9 12 6 6 83 1 104 1 
6 6 12 0 
6 86 54 115 70 1 
0 185 
23 1 12 6 119 1 
12 6 25 176 109 
156 6 1 179 1 1 26 26 
184 25 88 6 1 
131 43 66 64 1 1 
13 12 33 1 1 
12 1 161 1 146 1 
35 142 2 
6 0 6 3 6 
6 12 6 30 6 6 13 58 
93 6 31 40 6 176 
1 12 12 49 52 6 65 
0 60 1 1 6 
47 0 
119 127 162 6 1 
195 134 140 100 9 8 1 
129 6 12 1 6 6 6 1 
0 131 
12 44 1 1 64 38 44 113 
28 124 112 12 200 
6 35 1 13 12 6 76 
66 0 6 6 
2 125 98 
43 12 166 133 162 12 
12 1 139 34 1 128 
55 1 140 75 1 
157 115 6 155 12 8 28 178 
11 99 124 12 1 
169 43 110 6 1 
110 47 111 6 11 
0 12 1 1 51 
12 3 0 89 69 
6 16 0 6 
123 0 162 6 1 
1 1 147 12 1 1 
8 11 128 36 12 1 117 
171 12 1 6 113 
121 1 1 12 1 12 111 
1 0 121 6 1 
12 0 45 58 114 
1 10 12 6 1 
6 166 43 37 88 1 6 114 
1 141 12 52 6 112 6 
99 1 107 143 1 
21 78 
93 0 
6 6 1 0 100 1 1 
150 6 6 53 
151 125 184 76 1 
12 1 46 12 128 36 
184 1 36 103 1 
1 0 12 6 81 
1 74 121 6 1 
12 23 0 
12 174 6 51 1 1 118 146 176 1 
28 51 6 11 6 1 141 1 32 81 
88 169 68 1 162 
1 1 0 148 118 1 
6 12 12 12 1 1 
6 105 112 166 84 1 111 1 
108 1 124 12 65 
6 148 1 0 1 
6 12 166 1 46 29 7 
6 12 110 26 43 6 6 
153 176 64 52 45 112 6 26 6 
143 6 12 12 1 1 
51 60 97 39 
1 12 6 140 12 146 6 
6 186 129 1 1 6 
1 0 120 12 1 1 
66 123 1 12 172 1 64 
1 82 78 51 6 1 
1 1 0 12 52 
12 35 149 12 117 
0 6 12 6 
11 28 123 0 1 113 
6 12 6 6 6 134 81 6 
6 12 0 126 
12 6 179 87 6 49 58 
6 12 161 6 
21 88 1 1 29 
1 12 154 1 6 
12 6 12 111 125 1 
55 1 1 153 6 
130 154 1 6 180 6 
1 12 12 179 1 110 1 
162 0 12 27 1 1 
12 38 12 139 
12 1 197 179 1 1 
6 117 6 6 93 
11 12 0 1 6 
106 0 65 1 1 1 
0 69 1 32 133 170 25 
1 21 90 1 6 
0 92 24 
6 6 136 107 17 6 149 58 
1 1 180 1 158 162 107 48 91 1 
0 6 53 162 1 
42 51 145 110 
171 12 37 176 6 
1 1 73 6 12 
6 73 6 12 
12 177 6 1 176 
17 87 1 1 178 39 6 1 
202 
0 82 6 81 1 6 
0 80 
1 38 1 1 78 64 
146 12 6 12 7 1 126 
192 162 6 6 1 58 1 
76 106 12 50 6 70 
203 
7 1 1 197 54 40 1 
0 97 
0 1 88 6 1 
104 30 174 0 112 1 28 
1 12 12 12 6 116 
8 149 135 109 91 
12 148 26 113 83 144 6 69 
6 140 200 152 
12 6 1 109 1 
27 101 0 6 112 
58 179 6 94 33 112 1 
0 114 110 91 1 
201 
183 97 76 6 111 
1 26 46 1 16 173 1 1 6 6 
1 173 77 38 6 155 1 
12 86 1 6 118 
23 1 156 54 100 
69 116 6 139 1 6 20 1 48 1 
67 6 107 184 26 54 
4 
196 
55 16 1 6 1 
181 
73 12 12 
6 1 6 25 12 1 63 89 
129 1 94 169 6 43 
38 0 1 11 1 1 
1 12 0 27 1 1 
1 151 6 42 12 6 46 51 
12 12 84 115 116 1 
6 0 56 172 152 
1 6 110 109 11 
173 0 155 115 6 
39 125 130 6 61 54 1 
78 6 134 136 48 82 130 
6 25 12 1 182 
140 53 13 147 
40 75 78 104 134 
14 
6 1 6 40 0 6 
6 61 26 1 0 
73 175 
85 
114 0 143 1 56 65 
1 17 6 1 107 166 1 1 
6 67 12 1 19 112 1 88 1 
12 131 23 
113 12 6 116 32 124 12 1 
109 60 103 
101 12 12 6 11 1 
79 166 49 100 136 
23 82 6 158 1 6 179 
2 175 123 
12 12 1 26 1 1 155 89 1 
79 17 12 
23 0 6 1 1 
0 126 1 12 1 
64 47 135 170 151 76 
75 161 1 6 58 
12 9 153 6 12 76 
186 1 6 6 6 1 
83 6 9 12 6 83 1 39 6 
80 179 53 176 6 
12 6 6 1 119 31 65 
0 64 52 77 46 
116 6 41 98 64 
135 11 6 178 1 19 12 116 20 1 
81 125 0 155 179 
91 12 92 6 35 
6 0 12 6 
70 31 65 0 113 44 69 
6 94 38 1 12 6 1 
12 70 6 115 1 88 6 
172 66 24 6 121 56 
1 70 147 1 12 162 
1 188 0 118 34 
142 1 123 105 43 
190 
0 109 
32 6 195 162 1 65 6 
191 6 68 1 6 27 
0 12 12 
1 186 12 133 43 
0 124 6 41 
6 115 6 172 6 128 146 117 
130 6 73 50 1 
150 1 1 152 1 65 
27 12 146 172 48 127 
6 16 32 1 12 113 94 1 
118 104 47 50 1 
12 0 12 
43 0 153 170 1 
6 0 153 30 1 
12 140 69 1 70 91 12 1 
0 31 1 53 1 
6 143 173 63 123 
136 0 6 12 1 
29 44 18 6 12 13 
51 144 0 17 
32 107 6 156 1 1 1 
6 74 65 51 83 146 1 
153 1 52 12 1 12 
12 0 157 105 
114 1 6 157 195 1 48 
164 
67 95 6 1 12 
103 145 12 
152 1 57 12 43 1 1 
0 200 
1 6 81 1 0 1 26 32 
1 1 1 0 44 6 118 
72 1 6 12 1 
3 78 1 115 1 1 1 
12 0 6 6 
6 0 6 176 9 120 1 
107 21 6 6 9 118 
93 192 
42 1 64 182 87 
151 117 6 6 183 6 6 
12 60 153 143 
171 6 1 141 32 
0 24 12 
119 1 1 37 1 12 6 6 
9 150 106 136 64 176 
154 144 1 52 6 1 
0 57 126 52 
93 166 1 1 29 
0 12 114 36 1 
6 121 0 170 
17 0 1 6 1 
125 185 126 6 
1 115 1 1 2 6 135 178 126 
96 
131 129 66 1 1 
9 1 176 107 6 12 6 6 89 
93 1 27 82 17 
1 17 6 155 178 24 51 
6 1 1 0 6 1 1 
1 0 103 124 1 
198 
81 37 12 34 8 46 82 91 1 
157 12 195 58 32 
1 131 6 100 130 115 1 
92 1 125 105 42 43 113 28 
135 12 49 94 12 6 
6 12 0 40 27 
58 6 68 1 6 1 1 1 188 1 
12 6 61 1 2 1 
66 50 66 12 
28 12 0 104 1 
1 186 126 100 130 1 178 1 
1 21 56 6 116 112 30 69 
12 18 6 1 12 114 
73 107 88 1 1 
104 108 1 12 176 
44 182 6 6 111 1 
1 92 0 180 76 
52 178 136 6 82 36 123 172 162 
161 1 56 113 6 6 1 
12 108 1 67 1 1 
129 169 12 157 
111 0 136 110 91 
117 106 1 12 105 6 26 
81 139 6 12 1 118 187 65 
192 6 24 6 
131 149 44 20 20 
133 0 115 1 9 144 
0 12 1 117 1 
154 40 50 46 83 37 
12 0 114 65 104 
0 27 58 12 13 
132 
180 1 54 7 148 48 1 170 28 
204 
0 1 1 6 12 
12 161 1 136 1 40 
147 1 141 28 124 
57 173 6 12 12 
113 6 13 93 1 133 
30 39 43 6 12 173 1 1 120 9 
104 123 0 179 19 
103 12 6 91 89 13 25 
6 1 56 1 6 187 126 60 113 
6 43 67 188 1 103 1 146 1 
1 31 0 1 6 1 120 
6 173 1 6 121 1 1 3 1 
3 68 123 134 129 6 37 6 
202 
104 89 162 1 12 29 1 110 
205 
121 12 0 
206 
2 111 140 1 97 
1 197 87 6 1 
1 134 6 106 6 141 144 
6 6 1 12 12 7 43 
79 0 
184 12 110 
5 
155 51 151 177 120 1 
26 12 6 6 27 16 1 136 
1 0 16 6 1 
12 0 1 1 1 1 
46 12 12 103 6 1 
2 1 151 6 81 1 19 1 6 176 
199 
6 1 0 6 107 1 
176 0 101 115 1 
0 48 29 1 111 6 1 
12 130 200 28 58 111 
6 182 100 1 1 1 6 
6 7 187 192 1 1 
207 
0 104 112 6 6 1 
0 49 6 45 144 
0 171 
194 
130 6 12 12 116 1 6 1 
31 12 114 1 75 1 1 44 
12 52 12 1 135 42 1 
8 6 6 112 0 113 
1 118 12 149 1 12 136 25 120 
102 
97 0 
0 41 12 
40 169 68 12 56 
12 79 143 
18 13 0 89 1 
163 
0 64 12 107 1 
6 1 1 1 0 39 1 
12 0 148 
6 1 81 36 143 6 1 32 1 81 
0 110 3 1 112 
6 105 128 6 56 1 6 178 1 
6 12 60 49 174 32 162 
147 83 54 12 1 
1 12 111 173 70 104 87 130 
1 12 6 1 0 
6 157 6 119 1 82 1 6 
1 157 169 6 6 1 
1 171 6 170 19 170 
208 
1 0 118 6 188 
0 1 6 12 81 
46 0 1 1 11 41 
6 1 12 0 1 
12 12 0 
0 0 
12 67 0 6 162 
197 123 12 
6 145 6 128 
108 6 120 38 1 
41 0 110 
12 39 33 113 40 
209 
58 36 35 0 1 
90 177 140 52 
1 0 40 121 6 
149 34 12 77 12 
188 0 3 157 
193 
40 12 39 175 19 
12 12 1 162 155 6 117 
67 12 6 126 12 1 6 
6 28 12 12 12 1 
10 0 
167 
191 12 6 6 
20 0 25 124 1 173 
80 83 6 6 27 70 1 
35 12 157 89 63 136 
186 115 151 48 36 1 
156 84 6 6 
12 108 6 6 
42 1 12 1 97 
175 161 
0 1 1 41 1 1 
6 171 63 6 
6 161 6 6 44 
148 66 6 12 1 1 
0 24 106 
0 6 12 48 1 
1 105 79 172 12 
38 26 87 52 1 35 
159 
113 88 0 94 1 
144 1 12 68 12 68 28 
145 0 
44 187 126 116 6 25 6 6 178 1 
6 182 12 6 
6 0 6 6 6 
210 
6 6 175 6 6 
211 
136 117 6 17 176 69 6 114 52 
63 6 19 1 121 6 187 
10 142 
6 0 12 3 
111 54 149 76 57 6 64 176 117 
45 1 6 41 130 6 12 
6 195 12 94 
24 43 128 112 6 1 1 1 1 
6 162 148 1 61 44 6 
12 1 12 6 6 65 91 
46 6 97 53 1 
6 6 135 12 1 124 118 32 1 
106 6 178 16 1 1 140 1 
12 0 1 19 144 
97 129 9 1 6 43 1 
117 143 77 12 1 1 
197 0 
12 1 136 47 1 1 
28 6 1 0 70 174 1 
6 186 1 6 67 1 136 
33 1 1 12 58 178 
52 1 54 1 12 118 157 126 1 
150 6 18 36 
12 40 1 1 105 130 12 6 
0 6 149 1 6 1 
166 109 12 
1 131 1 187 13 34 
162 6 188 58 12 12 
172 52 1 0 26 1 1 113 
50 123 104 1 1 1 115 1 
1 31 12 76 97 
12 6 72 76 1 
6 12 95 104 
6 19 200 1 1 65 1 146 
108 188 32 6 113 
89 92 12 27 172 1 44 58 67 
6 0 43 12 1 
1 0 116 151 115 6 
1 12 70 31 7 6 153 
12 35 67 103 1 6 
25 12 1 0 1 1 
49 75 118 49 6 6 1 6 
91 115 1 6 1 0 
6 0 12 155 
7 69 77 40 1 12 113 11 83 
142 43 61 1 36 
34 6 0 6 180 
1 0 12 29 1 
1 0 6 6 120 6 
6 1 1 8 6 6 12 149 
1 0 1 12 1 178 
6 1 40 12 186 
12 12 166 144 1 28 
160 
6 161 141 44 
168 
64 79 1 24 20 
172 1 120 10 166 76 
1 6 0 91 112 6 
55 0 
0 155 6 41 
0 41 24 
0 100 134 12 130 1 
1 75 125 91 7 37 1 1 
139 143 186 
0 185 
172 1 0 1 6 120 9 69 
12 172 0 1 6 
165 
1 1 1 1 180 6 75 133 6 
62 
151 1 21 112 1 29 1 
0 114 12 6 1 
42 0 105 90 
6 91 113 45 46 6 6 64 94 116 
188 0 103 
6 76 12 101 6 27 52 
33 1 90 1 6 
0 131 
1 99 41 64 6 
22 1 136 91 12 
123 162 12 52 153 116 
12 12 12 49 36 
98 12 188 
6 0 112 6 1 1 46 
22 55 
155 176 57 51 118 70 105 1 1 118 
155 51 103 73 
6 1 6 126 6 82 6 114 1 1 
12 6 6 12 129 1 100 
122 
1 192 120 124 135 1 178 
109 147 
18 1 1 1 12 1 6 162 28 
15 
83 1 0 146 1 81 111 6 
61 107 83 166 107 82 1 
114 0 6 13 1 1 9 
100 0 6 1 135 1 69 
1 87 6 91 1 1 151 11 117 
1 131 70 12 1 1 
12 87 127 
12 0 114 1 1 1 
12 200 1 1 6 
0 83 1 6 128 
52 29 12 101 130 6 89 
12 12 63 82 1 134 
6 173 101 57 16 
79 44 6 1 31 1 
52 18 166 76 126 6 136 
187 180 12 149 76 12 32 
1 171 103 173 1 
113 1 25 58 12 37 114 6 6 118 11 
150 0 
1 139 103 42 1 63 
1 33 12 45 120 
12 51 100 111 19 120 1 36 28 6 
12 152 1 81 1 126 6 27 
105 44 170 36 12 60 
0 155 12 6 
0 1 92 13 1 
86 6 28 6 30 1 1 
12 6 0 1 65 
161 65 1 136 6 1 115 
73 78 
1 12 0 1 1 69 
6 117 6 1 21 58 
12 12 186 
0 6 166 6 
1 6 12 12 12 1 
74 12 1 1 6 
32 40 12 6 1 125 134 179 1 
177 12 12 
79 136 1 12 1 1 
100 22 45 1 12 
12 1 99 36 1 
136 120 136 50 169 89 
6 35 175 113 1 
113 38 106 52 141 1 
12 90 0 
6 1 56 80 146 114 82 
147 6 24 81 89 
37 1 12 158 12 1 40 
57 35 6 126 1 1 65 1 
0 89 117 52 6 1 
70 6 11 81 119 12 1 83 1 
1 6 57 21 58 
147 0 
1 175 52 6 6 37 
109 0 
108 140 6 173 6 
111 6 68 1 0 20 
51 130 147 6 1 51 
1 3 6 118 93 173 
127 116 12 6 111 
169 12 141 
169 74 
115 6 27 174 6 6 63 1 
0 12 6 6 
0 12 75 
86 12 18 
86 0 
145 1 6 12 9 
1 33 166 114 30 100 
172 51 100 12 0 
68 158 6 12 12 
0 119 176 6 1 
114 1 184 12 135 
12 0 1 1 39 
6 0 106 124 
81 1 1 0 12 1 
6 6 0 1 40 1 118 
41 150 6 117 
7 12 23 39 34 1 146 
51 171 6 6 6 
98 70 6 146 1 117 9 
0 12 120 34 1 
12 6 6 12 12 
12 103 0 
75 39 51 120 1 183 6 
124 0 67 12 1 
1 12 51 87 12 1 
1 107 69 6 1 33 1 
86 35 174 6 
1 88 6 0 1 
12 1 0 124 1 
0 141 6 6 
6 6 43 79 1 1 19 
99 0 
1 48 47 1 12 1 
6 144 6 6 35 6 155 
6 126 128 118 1 12 1 1 
123 0 6 174 
20 67 6 12 88 1 1 26 
106 72 12 
170 72 70 1 31 6 
36 106 72 117 
57 33 3 6 
195 21 
12 6 0 6 
178 119 12 12 32 149 
12 53 0 
6 103 20 12 1 34 1 
0 149 58 12 43 
195 0 
0 155 172 12 28 
11 176 119 177 6 
6 116 6 200 30 70 46 
1 12 79 1 1 1 
68 12 0 134 81 
6 12 12 68 6 1 1 
43 23 44 1 19 68 12 37 
55 12 115 67 1 
184 131 
6 20 57 6 13 6 1 116 
0 73 
34 90 33 135 
0 6 34 141 
202 
12 0 1 6 176 
12 6 13 169 
123 104 6 0 
155 79 179 6 6 1 
56 84 86 11 115 
6 127 6 135 1 70 
6 12 12 6 112 42 1 
4 
12 6 42 6 187 91 6 
0 6 6 6 26 1 
1 64 146 94 69 195 54 
173 64 0 75 1 
37 155 56 0 1 42 65 
112 6 12 1 3 136 84 56 
81 12 6 1 118 146 111 12 172 
12 169 30 179 1 25 
22 12 6 1 1 
83 148 23 1 7 6 129 
19 178 6 82 63 1 1 1 6 1 
155 12 6 93 
85 
101 42 0 1 26 
0 77 178 144 1 
12 10 6 115 
174 184 12 112 172 
176 94 0 6 56 48 1 
89 139 0 69 19 1 
0 99 
6 178 12 12 1 162 6 1 
179 12 22 1 43 56 
12 158 12 57 
70 93 24 1 1 1 
0 2 12 
0 0 
6 12 0 6 
1 63 60 124 52 151 114 
0 29 12 6 
5 
11 178 0 113 179 1 176 34 
156 1 6 1 180 115 
6 1 12 1 46 162 188 117 
101 100 152 1 120 115 115 1 
144 0 1 18 1 
12 30 56 79 1 1 
6 1 12 1 41 6 51 
184 119 12 
102 
6 1 47 58 6 46 113 
1 134 0 114 176 110 
6 0 6 149 6 
89 34 6 0 6 162 
119 26 150 1 1 1 
0 13 6 1 1 1 43 
6 1 170 1 6 127 
56 64 73 135 1 32 1 1 
116 6 144 0 1 58 118 
164 
9 178 6 0 66 
112 146 178 6 1 158 12 172 1 
127 98 
59 
12 12 6 32 1 1 1 6 
17 175 7 6 
1 6 38 6 1 149 114 26 1 43 
54 60 0 43 1 
1 45 6 0 36 1 
25 6 1 1 158 123 6 100 
156 152 6 6 
74 12 12 
6 45 153 75 12 
12 1 12 140 1 170 6 
6 36 31 0 1 1 
101 120 161 1 1 67 
1 178 92 82 0 
0 139 1 49 1 
1 0 6 1 28 151 1 
1 6 17 6 1 6 6 1 1 
207 
12 39 184 20 
12 0 36 1 1 
168 
143 12 12 28 1 6 
212 
96 
12 50 13 54 50 
100 31 1 52 1 40 93 
0 6 1 12 1 
87 170 145 6 
12 1 12 45 176 65 1 6 
1 7 51 1 12 146 53 46 
1 12 1 0 46 11 
157 0 6 128 
6 52 6 170 68 12 49 
12 6 1 11 127 
0 192 
71 
147 0 
12 6 131 76 111 
1 6 104 0 6 28 
1 1 120 12 0 176 
6 39 44 45 12 1 6 116 
138 
12 0 6 6 
6 1 1 140 0 82 
179 43 175 12 48 1 
0 1 6 6 6 9 
93 6 130 68 107 1 
6 12 6 98 
27 7 1 56 12 57 1 67 136 
1 0 12 1 1 1 
12 0 100 105 1 
171 66 12 
0 131 
94 12 43 6 6 31 36 1 
130 1 6 152 21 
33 0 
12 1 9 23 37 187 6 1 
12 0 130 1 6 
181 
179 97 6 87 40 
133 6 120 183 6 17 1 
12 0 173 6 
23 6 0 6 
11 1 12 142 6 
12 12 1 1 6 1 6 40 
12 177 1 51 1 
1 6 0 1 49 6 
34 156 12 1 19 
34 12 0 1 30 
127 0 
1 77 180 12 1 6 133 
35 13 1 177 89 
1 41 95 6 58 
1 142 36 151 1 31 
1 12 113 129 26 1 12 6 
1 1 127 81 6 31 48 
194 
6 1 1 155 6 114 1 6 58 146 43 1 
64 152 70 82 0 
1 6 12 33 1 
72 154 
136 12 106 16 1 6 
117 6 126 1 6 6 31 176 70 179 
0 6 12 6 
6 123 28 6 12 178 48 1 
149 1 6 40 157 0 
54 61 32 191 1 
122 
134 6 6 18 48 12 81 46 
184 170 135 12 
12 111 12 121 1 134 1 
12 6 1 94 6 39 6 1 
66 1 186 9 6 
72 0 
86 6 1 12 1 
12 12 1 65 6 174 13 
197 1 114 1 12 1 
0 12 12 
1 184 170 12 1 
118 0 12 104 162 
7 6 6 86 1 30 
197 155 63 20 
91 12 1 195 11 
12 2 60 16 
39 49 6 74 65 83 
178 12 10 6 1 
101 6 6 6 157 68 6 
12 113 90 1 1 58 1 58 1 19 
12 61 0 
67 114 35 12 115 44 130 111 
97 60 6 6 
12 12 6 188 6 
193 
12 186 44 6 
6 6 24 12 124 1 9 
1 6 0 69 6 1 1 
176 0 117 20 6 67 
0 40 1 119 1 67 
1 177 1 124 6 124 
6 33 6 126 129 
110 12 0 
125 116 1 58 12 12 1 
201 
6 0 172 1 88 
64 0 123 6 1 
1 54 12 0 179 
105 1 6 12 17 1 157 
6 28 21 1 121 
199 
1 12 186 1 6 
0 92 148 
6 65 197 58 12 
25 95 12 170 134 
1 0 12 27 83 130 
120 6 52 7 12 158 1 
25 121 44 95 1 
116 0 12 32 1 1 
185 0 
43 158 104 99 1 
150 0 
57 6 65 12 6 6 67 
12 83 12 12 26 6 
6 12 6 155 6 58 1 178 136 
22 1 143 3 1 
1 6 200 46 12 
55 6 69 12 134 
173 183 1 109 1 
121 115 50 1 12 67 
126 6 184 68 126 
6 149 12 46 187 12 26 
100 1 108 144 151 29 
1 12 52 1 109 
6 88 31 6 12 6 
12 1 6 0 26 
6 23 6 0 
6 12 65 12 1 6 94 
1 173 0 12 1 
1 6 1 98 90 
192 0 
60 6 38 50 6 
12 19 12 6 136 1 1 6 
21 77 12 
6 86 1 12 1 
109 106 12 
9 46 95 6 45 1 70 
46 12 146 119 1 115 26 1 1 
10 6 12 113 1 
0 24 151 1 32 
12 66 6 16 176 1 
6 6 78 173 1 1 
81 180 6 40 174 86 
6 0 41 82 
70 104 129 112 118 143 12 1 
12 41 11 28 140 158 
129 0 12 1 67 
62 
12 6 105 46 6 83 1 100 118 100 
16 22 12 
6 155 115 84 6 16 
172 55 1 6 12 
1 69 12 38 83 136 101 
53 0 12 
43 12 1 125 12 94 
12 12 0 
6 6 3 169 1 113 
84 121 0 
167 
150 6 32 6 7 28 
24 1 6 40 134 25 40 6 172 107 
1 1 12 1 1 6 12 6 
76 1 1 75 191 162 
145 0 
6 6 50 140 42 88 
180 42 1 1 120 12 12 89 
2 100 1 1 94 12 6 1 
75 6 146 0 25 
24 112 35 90 1 1 1 
1 6 0 111 12 
7 6 119 0 
66 110 6 178 112 1 45 1 
6 12 156 1 28 
188 52 184 149 
1 12 178 1 70 1 12 146 43 1 
34 195 12 6 
114 139 1 1 0 26 
0 144 6 6 68 
190 
125 104 0 25 70 
6 99 1 77 116 
6 29 143 12 6 6 
141 6 109 1 1 
90 6 7 120 6 12 118 
88 12 63 28 187 32 
61 1 90 1 1 1 118 64 34 
31 0 6 120 19 136 146 
32 1 79 12 180 
1 191 11 125 6 
0 43 12 170 134 
161 128 44 6 
80 70 6 64 1 1 6 
6 2 32 106 12 1 
94 69 78 12 1 
1 6 94 42 74 1 
6 49 1 1 6 118 166 1 6 
65 148 48 12 6 134 1 83 81 
22 6 42 1 36 1 
132 
12 41 0 
0 151 6 92 
145 12 119 
6 12 83 152 12 1 
69 195 1 6 16 
12 11 6 0 1 
83 35 0 1 1 1 
6 1 1 0 135 42 
136 127 6 6 6 67 
35 116 192 1 48 27 
0 175 
45 187 115 12 149 1 6 1 
0 144 101 112 1 
36 22 12 133 
127 131 
154 1 1 25 12 1 
68 6 185 6 44 
12 197 1 6 1 
58 154 1 1 1 1 1 112 1 
25 0 176 6 6 11 146 
213 
176 12 1 6 116 17 6 64 
13 1 1 120 12 1 20 179 1 126 
6 6 12 33 
7 6 141 0 
66 98 6 1 1 
0 46 60 6 1 
89 12 105 12 110 1 
0 197 
1 109 6 1 6 1 100 
1 151 157 6 197 1 
83 117 0 44 70 120 100 
49 1 58 0 124 6 
12 0 176 6 1 
1 115 162 12 81 25 6 1 69 8 
12 6 6 12 1 7 134 
35 12 187 12 6 
169 152 126 1 1 
135 12 12 1 34 1 135 
0 1 180 1 17 
6 68 20 0 34 
114 19 127 24 6 
144 6 0 1 1 56 1 
173 66 1 0 27 
12 33 12 
6 0 50 1 67 
208 
6 6 55 1 1 6 
206 
24 187 1 6 35 113 91 
1 156 146 1 6 1 6 
12 12 177 
30 125 145 1 1 1 
35 1 112 161 1 1 
1 6 170 12 6 45 178 100 1 
1 46 30 0 12 1 
99 1 6 39 1 1 1 
11 6 103 174 12 54 43 
120 6 57 12 48 12 
29 0 12 7 
103 1 105 154 1 
1 12 60 24 1 19 11 
6 91 192 1 1 42 
75 12 17 157 6 
0 1 1 46 6 89 6 
1 149 73 23 1 
163 
1 6 6 12 36 179 104 6 
110 6 17 1 91 6 1 
12 1 1 0 6 
173 25 54 197 82 1 
12 55 143 
139 12 16 8 170 
195 12 6 162 1 
15 
38 79 44 37 1 
44 12 90 91 12 
186 12 1 1 82 
47 0 
97 115 12 133 
6 1 12 12 112 6 48 1 
6 0 6 123 
189 
1 65 145 6 70 1 1 37 
214 
0 1 12 1 52 
169 6 12 1 9 
0 157 148 1 56 
6 82 0 1 81 149 
177 76 91 12 1 
43 64 25 92 6 6 37 12 
186 35 12 
144 1 0 68 1 115 
157 95 12 6 
1 111 43 81 0 6 68 
143 67 69 8 63 1 107 172 
1 93 6 25 152 
154 0 
6 69 6 1 106 113 6 136 118 118 
70 70 100 6 157 1 140 77 1 1 
0 1 12 6 134 
3 0 54 170 64 9 
44 12 0 6 
195 1 37 12 1 136 
6 68 134 60 1 126 66 
6 135 174 12 13 153 
1 72 1 12 7 
0 48 136 20 1 1 6 
1 6 12 0 1 
169 161 
57 1 6 103 1 12 
46 0 116 54 6 56 112 
0 1 29 11 125 
82 123 162 6 12 116 129 
185 115 88 6 
53 6 40 0 1 
183 0 1 6 179 
87 12 12 65 37 6 
113 0 12 1 6 
12 112 12 18 1 1 1 
178 61 6 6 162 66 11 1 
12 1 1 6 195 
130 46 12 0 82 
170 156 6 6 129 
6 1 1 1 12 1 12 1 1 
6 42 20 145 105 
195 1 1 12 1 56 
36 6 135 121 6 179 112 94 
192 1 1 6 2 
141 56 87 1 1 187 1 129 
12 6 0 25 179 
24 179 161 49 1 
131 12 103 
0 12 1 118 1 1 
79 183 12 
2 68 29 12 6 19 46 
61 149 1 12 25 26 170 1 
18 119 192 
68 140 52 128 51 172 1 136 1 
6 147 1 12 28 
0 171 
6 1 90 1 0 
31 37 170 200 1 65 40 
21 118 32 117 53 
16 1 178 103 6 13 105 
142 143 6 173 
41 0 29 7 
0 183 1 6 1 
38 46 32 142 1 25 
98 1 16 6 111 
12 6 41 12 25 28 
1 12 142 124 1 
19 70 0 91 149 151 
68 12 32 43 70 54 12 40 
0 48 1 1 6 1 25 1 
1 12 118 88 60 149 
95 98 
1 22 1 66 6 
12 29 1 1 6 83 1 1 28 136 179 
1 1 179 40 0 172 6 1 
12 70 6 51 12 100 39 
171 30 139 52 1 
70 107 6 8 173 12 6 1 
6 55 6 42 67 1 
191 92 126 6 
46 6 12 170 7 6 40 27 1 
6 37 6 29 0 178 
158 186 6 117 
195 107 31 31 6 
12 36 43 1 16 6 30 32 
135 154 6 6 1 43 
29 0 1 114 6 1 113 
179 12 0 81 89 1 
73 154 
25 105 12 60 6 6 1 
3 125 1 1 0 
180 64 6 12 162 140 12 
65 1 1 70 1 6 170 12 124 134 
17 0 170 20 
0 1 120 12 176 1 
12 1 23 1 67 70 12 
166 0 75 
40 149 0 12 113 
6 6 1 64 145 112 1 
166 44 0 6 
6 6 0 1 115 1 
43 65 1 30 0 12 
12 153 12 128 
1 12 148 9 6 12 
65 88 170 63 70 12 
2 90 49 12 6 
204 
119 12 0 
162 6 37 1 173 6 1 6 34 126 
0 90 45 6 
185 39 113 6 105 162 
17 6 12 157 56 6 37 
47 12 130 105 1 
146 6 81 200 18 
49 0 12 13 
66 1 6 22 1 
1 17 6 1 177 
198 
79 131 
29 1 169 1 104 178 118 
88 0 60 
24 49 109 1 1 
169 27 12 1 49 
97 0 
6 67 6 89 2 128 1 1 
207 
85 
4 
12 73 29 1 118 
25 12 6 6 1 2 6 
12 21 6 6 
6 81 6 156 68 178 
0 6 40 12 176 
167 
192 72 
81 12 0 6 178 
165 
120 145 12 6 1 
124 108 89 140 6 40 
12 12 0 
6 113 100 6 130 1 23 12 
70 1 110 6 0 
139 179 12 139 1 1 1 
67 48 1 126 1 1 180 6 29 155 114 
56 6 6 80 52 100 
92 0 116 31 30 
12 123 0 
12 3 22 20 
213 
1 1 126 0 82 1 1 
189 
84 68 172 90 6 9 6 
0 0 
194 
6 140 1 0 6 120 
30 1 1 6 12 6 12 162 
1 1 100 130 33 46 67 1 179 
120 47 1 188 136 19 
0 12 6 51 
11 9 115 0 12 
188 1 25 23 119 1 136 
12 11 6 95 1 
36 0 12 6 
184 12 53 
6 186 1 7 65 1 83 
1 6 0 148 1 
122 
182 12 38 
6 135 81 1 119 6 1 9 176 120 
108 6 9 30 6 1 1 
188 6 12 1 6 37 6 
0 103 173 40 1 
1 100 25 13 129 6 53 1 1 1 
12 153 6 178 170 6 28 
12 6 10 117 
6 169 6 106 
182 6 57 1 1 
127 0 
12 0 6 6 
116 0 76 12 6 
101 35 12 113 76 162 176 
37 11 10 6 12 
0 65 6 1 6 1 1 
199 
141 1 12 1 6 12 
107 65 0 28 12 
0 173 114 1 43 1 1 32 
125 0 144 56 1 
1 178 0 179 12 1 
6 1 6 12 58 12 107 
0 166 89 1 6 
14 
138 
0 197 
164 
37 6 161 183 176 
212 
152 169 100 6 1 
8 1 66 48 86 
101 53 75 133 174 
6 58 144 110 40 90 114 1 
6 12 47 1 11 
0 77 69 1 7 
6 134 109 16 1 
67 0 26 12 6 
12 8 0 36 
0 1 125 58 134 48 
169 0 
70 1 6 90 0 
88 12 6 6 6 30 1 
170 0 38 1 1 
12 11 12 12 187 1 
0 46 49 1 113 104 1 
154 0 
49 12 12 101 44 
80 0 
210 
79 140 1 1 6 6 
102 
184 1 117 1 1 6 28 
6 69 7 37 92 149 69 11 134 25 
171 6 84 6 
0 177 
26 1 1 19 12 0 
86 119 123 
12 1 1 1 6 1 32 2 58 
17 6 45 1 116 123 1 1 
112 1 149 12 6 1 19 50 
105 63 0 1 25 
49 35 153 1 1 17 
96 
12 142 39 1 1 
130 6 195 1 1 129 1 
0 1 1 84 6 
1 187 12 161 1 
55 0 
1 11 6 105 6 140 178 1 32 32 1 48 
201 
187 81 12 1 111 1 12 27 1 
89 1 26 50 78 100 
91 6 113 119 6 7 1 6 
126 11 0 6 135 1 
21 12 6 6 
1 12 170 141 6 39 1 
198 
163 
6 139 6 1 139 6 134 
12 6 1 109 146 
214 
98 1 12 140 1 
0 6 25 1 6 54 
12 12 12 35 
142 12 12 
135 21 52 6 6 
12 12 116 12 1 113 146 
12 53 148 139 
6 97 120 1 66 
0 1 40 24 6 
0 1 40 6 1 6 1 
130 46 113 6 51 128 6 140 1 
200 12 12 
12 92 173 1 121 32 
184 12 6 6 
156 6 1 1 61 
12 22 40 56 8 
6 12 6 6 1 128 114 
1 184 1 6 12 
1 12 142 13 134 
1 0 1 152 65 1 
0 92 111 1 100 1 
1 114 1 18 17 12 113 
6 0 6 143 
12 1 113 1 123 77 26 
83 6 6 6 0 1 
0 136 148 48 1 1 
68 151 6 72 81 69 
89 88 1 41 53 1 113 
6 1 0 1 12 
126 27 133 0 1 6 
192 1 12 105 19 
1 107 1 146 0 6 69 
50 1 40 117 77 23 
12 17 1 60 6 178 
0 134 12 94 1 
206 
83 176 0 1 6 162 56 58 
129 0 54 149 133 
12 1 6 1 12 32 43 6 
12 17 6 1 6 70 20 
156 1 6 12 130 
95 1 1 12 40 58 
16 129 8 113 1 128 6 
0 6 6 126 180 
112 12 1 0 76 1 
140 65 12 12 90 1 
86 6 6 77 
112 0 6 23 1 
12 104 1 23 12 56 
69 12 1 67 1 188 1 1 51 
149 1 35 0 81 
135 1 0 12 70 
0 12 7 105 
0 73 
196 
130 12 108 67 115 
1 69 174 12 49 6 44 116 1 
203 
1 6 0 1 1 1 76 11 
1 18 0 6 46 
50 6 6 6 6 179 1 6 
6 80 6 1 1 6 
104 80 174 6 68 
151 1 12 118 48 12 6 1 
148 1 12 162 6 1 1 6 
6 0 12 69 67 
1 0 43 6 133 1 1 
128 6 1 1 133 148 6 
1 91 0 57 27 
37 157 12 12 89 6 6 
13 162 12 40 12 12 
158 123 0 
1 6 12 1 130 121 1 1 116 
6 0 1 9 6 1 162 
22 12 60 
12 17 1 113 6 106 
6 0 1 6 117 27 
81 141 1 127 6 
1 6 144 0 44 19 
45 180 1 0 1 1 9 
144 6 100 3 12 43 34 134 112 
63 90 110 12 
95 40 1 6 6 180 
146 180 11 1 178 6 1 1 12 117 
12 12 43 48 12 6 
192 6 135 6 6 
5 
1 0 6 120 187 129 
71 
1 61 119 29 140 144 1 
0 157 157 1 1 1 1 
12 143 6 2 25 48 
185 87 56 6 1 
6 6 110 6 1 20 6 118 
0 149 173 34 111 65 
0 107 6 57 
1 0 29 6 174 176 
19 69 108 51 178 105 1 
168 
1 88 178 79 6 
0 20 36 41 
1 94 12 12 1 176 6 1 
12 1 6 88 16 1 
124 0 1 6 1 94 
186 12 130 1 1 1 
12 111 27 34 21 
12 127 116 105 179 
118 0 176 1 116 6 70 130 
136 82 12 72 1 
88 113 6 175 162 
6 139 87 1 6 6 48 
170 6 67 27 30 6 12 1 83 37 
171 113 13 76 1 6 1 
34 1 81 0 1 6 1 
185 73 
166 126 185 6 
208 
141 12 125 1 34 76 
185 39 158 107 
6 0 6 9 56 6 
6 1 12 6 12 117 1 
12 12 92 1 1 76 1 
135 12 84 1 128 11 
123 24 12 6 6 
12 12 6 135 32 64 116 1 
1 55 46 12 6 
12 109 29 174 
6 88 6 0 
6 143 95 1 30 
0 1 43 51 1 114 135 
12 0 83 136 6 
60 12 108 
12 6 12 56 111 111 52 11 
12 142 136 133 69 
1 12 12 148 1 1 1 
26 6 105 12 6 49 27 46 30 
157 103 6 19 12 7 9 
1 72 1 155 12 
1 78 6 1 110 
44 92 0 6 
87 0 187 6 
12 119 120 103 52 83 
12 64 12 140 6 6 40 
177 20 91 20 1 1 
12 6 1 0 58 
78 1 17 1 52 
134 130 42 78 16 
1 12 0 1 1 1 
1 12 6 1 192 
12 1 142 1 6 
170 135 36 27 12 1 6 187 
93 24 12 
58 6 180 6 6 126 1 111 37 6 
174 12 183 120 106 1 
12 197 1 36 27 
32 0 12 69 49 
126 143 12 2 43 11 
6 0 24 144 
1 0 1 69 6 51 1 
12 9 11 12 174 12 
1 100 1 109 6 178 6 
2 107 79 83 1 
180 0 12 8 
1 9 1 1 6 100 155 114 12 1 1 
173 6 1 128 91 173 174 1 
97 158 92 
152 0 1 1 1 1 
1 12 1 1 41 1 1 130 52 
177 192 
12 93 53 
6 0 1 12 48 
63 103 135 6 170 58 89 
109 1 26 12 6 
32 101 6 0 81 
6 92 22 1 11 
12 1 124 161 116 
0 39 91 6 1 69 
6 38 12 37 6 1 6 
0 1 119 1 129 
173 31 0 1 11 1 32 
23 146 6 130 29 70 37 6 68 
137 
30 6 1 12 107 6 91 179 116 
21 6 6 49 1 89 
0 48 2 1 89 1 
66 87 1 12 178 6 
95 0 
6 147 135 128 
12 6 0 187 
111 155 6 97 1 6 
6 6 6 1 1 143 166 
1 49 0 81 12 
6 0 12 6 
1 133 11 171 37 117 120 
12 6 77 134 12 134 
6 46 12 101 107 6 179 
158 100 20 173 67 89 128 1 
10 8 6 12 
44 35 6 86 
119 113 82 21 46 
12 21 1 49 1 
18 0 75 
103 103 116 12 6 46 
7 6 98 70 1 1 30 
6 104 1 0 6 70 
21 114 37 12 36 
59 
151 1 12 166 121 120 
56 123 44 101 12 1 
91 157 183 1 67 41 170 
12 179 1 107 12 104 155 
115 43 0 25 24 
87 162 112 1 21 1 
6 42 95 155 7 
145 1 6 6 58 31 
150 72 
0 6 6 67 83 1 179 
211 
157 12 0 180 
142 65 6 179 61 
0 6 6 3 112 11 
70 12 12 6 143 1 
151 20 186 115 1 1 
108 12 12 
61 7 12 1 51 1 113 25 
200 6 6 16 
22 93 
0 81 114 129 1 124 113 
0 90 9 49 176 
6 86 126 6 1 69 
160 
12 0 1 1 43 65 
11 115 57 155 6 1 140 1 1 
130 150 76 12 170 
12 1 12 126 1 12 
37 1 140 1 6 6 23 6 100 
149 8 26 1 6 6 12 1 178 
1 74 6 51 1 46 28 
6 0 6 12 
177 1 178 58 6 1 6 
135 128 0 32 1 
6 111 16 141 43 1 42 172 
81 80 105 1 135 37 83 
18 175 1 6 1 
20 12 1 35 148 69 
107 12 0 6 
1 185 38 68 67 
65 12 65 11 145 1 
1 41 98 129 146 
191 12 100 6 176 
12 29 1 45 1 12 1 43 
12 126 20 0 
156 185 
0 136 46 12 178 67 
153 6 128 119 94 
193 
6 25 74 130 1 19 6 
6 0 1 141 19 
88 88 48 6 6 49 89 
12 6 0 1 1 
12 157 0 6 
0 12 1 140 70 
153 41 1 45 2 11 
0 1 6 1 1 140 1 
144 53 0 6 
17 12 127 
166 6 6 1 1 1 6 1 6 
6 12 177 76 9 
12 0 118 27 1 48 
6 91 200 6 6 
54 6 124 88 183 1 1 
0 1 1 88 6 
37 0 6 139 26 
0 13 6 12 
1 75 48 143 64 65 12 
12 12 115 6 6 6 
49 150 6 1 1 45 
12 48 110 148 111 6 
88 6 136 12 1 117 1 27 
161 6 32 106 1 
1 187 1 90 0 
6 6 12 0 
38 6 93 6 
184 200 
16 182 158 
121 81 12 42 6 133 111 
6 162 109 133 6 58 
6 1 12 12 1 115 144 
126 200 1 6 81 91 
1 0 12 6 1 
25 1 10 118 134 6 6 
44 6 99 12 
0 6 1 6 76 6 
80 97 
1 35 12 12 1 6 
1 6 6 103 16 1 133 
1 1 117 1 6 157 1 6 143 
1 30 0 6 51 81 67 
6 143 12 148 6 
6 87 0 76 65 
60 1 6 92 9 30 1 49 
3 109 12 6 
34 143 106 126 1 6 1 
12 52 0 187 
0 186 
95 1 24 1 6 
1 3 65 142 1 146 174 
12 12 1 16 68 46 
1 36 0 13 180 1 
70 30 52 156 12 
15 
0 179 83 121 6 
180 12 53 1 6 82 111 
0 12 6 28 120 
6 1 0 94 174 1 
16 6 27 40 0 
174 12 147 129 
0 60 179 1 6 
152 6 1 0 58 
0 1 90 6 1 
33 12 6 126 
1 12 0 6 1 
61 0 6 83 1 
171 123 6 114 1 
202 
3 53 33 6 
12 145 1 6 1 
20 1 36 43 37 98 46 
6 12 6 52 1 1 12 
156 21 
135 0 118 1 12 
65 197 36 130 27 116 1 1 
12 58 152 34 34 146 58 81 
77 0 9 68 1 
1 6 25 139 154 
1 1 12 0 100 1 
12 191 152 
0 6 6 77 
12 12 46 134 130 12 1 
6 6 6 1 35 12 1 
39 68 186 6 6 
44 45 118 61 166 1 133 
0 12 12 
87 135 6 171 
1 97 6 1 32 173 120 
181 
12 0 12 
1 144 192 6 1 1 70 
118 147 1 12 1 1 
178 53 121 6 12 1 
132 
0 93 
12 131 176 6 76 
105 94 195 1 76 37 1 
12 79 162 1 134 1 
46 103 22 1 34 
182 0 
1 12 1 1 0 11 
6 76 35 0 48 
0 78 
95 1 12 6 25 
62 
43 177 34 12 1 
22 157 1 1 12 
29 1 1 28 23 6 6 105 27 
37 173 74 6 58 1 11 
204 
6 1 10 1 6 6 
179 6 183 72 162 
64 12 6 6 3 12 1 
97 93 
51 111 0 7 6 1 
3 70 6 197 43 6 
1 175 6 146 1 179 39 
144 135 174 81 6 6 1 6 27 1 
4 
12 99 54 65 176 
71 
73 12 6 129 
191 12 39 6 
87 55 36 114 1 
85 
0 12 30 133 1 
80 12 12 
6 129 186 6 6 
0 13 6 1 26 6 
0 42 12 31 
12 82 134 6 12 6 1 
1 54 155 131 52 1 
6 47 6 6 32 27 
31 0 118 38 1 
1 129 44 1 0 6 
6 61 0 6 
167 
0 6 12 6 
159 
121 12 1 39 6 1 6 
210 
1 12 200 1 6 
186 51 49 1 115 114 
179 1 1 6 0 117 43 
6 147 12 1 32 
12 1 45 74 179 
6 118 145 29 6 1 
48 12 1 0 6 
12 111 0 6 162 
12 29 12 6 52 136 27 
12 53 12 37 1 1 112 
15 
6 182 106 28 1 
12 0 162 6 40 
196 
12 0 6 172 1 
200 0 
14 
78 35 1 120 1 1 
80 0 
6 12 1 0 1 
6 27 1 1 192 6 1 
36 6 12 0 
57 12 0 
203 
99 152 12 
65 6 12 174 6 18 1 
100 200 23 54 176 
1 154 6 1 40 118 9 1 
1 0 6 187 100 1 112 
177 39 12 6 
1 91 1 1 0 1 1 89 
1 3 0 1 64 43 6 
0 57 6 8 
83 118 1 25 68 135 12 12 
78 6 133 88 
12 53 156 
65 154 12 6 1 
1 35 178 60 6 176 70 187 
12 118 6 6 1 50 6 
49 0 6 6 49 
12 36 162 6 6 26 1 6 1 
151 23 111 6 12 6 1 
0 6 12 105 
0 6 6 6 49 
131 1 58 104 16 
1 141 0 6 27 
91 153 12 24 1 130 
6 82 12 58 12 1 6 
17 6 1 12 128 1 
12 101 1 1 180 1 27 6 
1 1 6 121 12 124 1 1 
154 105 3 6 1 1 
55 28 1 157 6 1 179 
12 1 12 1 30 6 100 65 48 
6 22 6 12 
12 136 0 6 65 
1 1 6 58 1 6 158 162 1 136 113 
111 151 0 151 6 1 
79 100 6 63 1 
46 1 12 24 70 6 1 178 1 
6 156 155 81 8 1 
18 67 1 63 6 158 
64 130 8 1 169 1 136 1 
184 12 117 43 100 
0 0 
176 0 6 141 1 
212 
1 1 75 9 112 128 1 6 116 
204 
12 6 175 58 83 
78 121 112 32 3 
58 116 12 6 0 
29 94 81 12 6 1 30 6 1 
1 0 6 76 13 117 
1 1 103 155 83 1 1 69 68 82 
29 6 6 88 12 1 1 
66 12 6 1 12 1 
29 6 6 6 1 40 179 6 1 6 
1 6 0 1 146 6 30 
214 
100 12 24 7 179 6 6 
113 12 73 46 113 1 
1 141 0 1 6 
1 45 148 39 9 52 1 1 100 46 
112 83 12 0 180 
66 1 12 12 1 172 136 
51 1 156 54 27 25 1 
197 6 1 1 6 1 1 
6 2 12 1 179 1 6 25 
213 
12 103 1 12 6 1 
1 155 12 73 28 
187 84 146 140 1 1 1 12 
104 0 6 139 
12 1 42 173 8 1 12 
6 89 1 1 58 183 6 120 1 1 37 
32 0 152 1 44 
209 
95 1 140 6 83 1 64 
178 0 54 110 32 
40 112 6 106 0 
69 12 12 66 46 1 130 
30 26 47 1 119 130 
138 
95 6 183 1 1 
9 12 1 0 155 
12 76 1 6 12 1 126 1 
12 8 0 36 
6 1 47 6 6 1 
1 103 12 107 63 37 
12 0 117 51 
6 1 120 43 0 1 1 120 
1 78 117 118 12 
6 166 72 6 
1 161 87 69 107 
12 1 6 197 30 
6 0 60 6 
80 170 6 1 6 11 
103 0 1 117 1 
40 0 173 179 1 82 56 
117 19 6 47 6 1 
1 54 141 12 6 6 1 
206 
1 6 123 12 12 1 
30 6 0 6 136 6 
1 80 136 12 26 100 
208 
145 6 53 1 178 
35 110 12 34 6 
180 188 27 0 1 
12 6 87 6 34 6 
131 186 
23 12 0 
172 75 55 1 6 
12 156 57 
130 28 0 69 12 58 
105 177 63 133 
1 6 6 12 12 6 1 
1 70 0 43 1 170 146 1 
105 191 6 12 
12 99 1 187 112 
6 178 49 1 107 0 
6 12 1 139 176 12 
141 6 12 144 12 
1 0 1 157 170 49 
6 38 6 131 
0 118 94 6 6 1 
6 65 12 6 12 1 134 37 
6 12 1 6 49 125 1 
123 1 12 1 90 104 
12 0 1 6 1 
103 12 50 173 32 1 
6 12 78 6 
6 149 6 195 1 1 
101 51 1 6 1 12 1 40 
12 97 6 1 111 
12 21 1 120 6 
173 124 43 176 170 26 106 29 70 
74 152 1 6 1 
12 192 92 
0 61 178 1 6 
72 73 
1 187 195 1 1 6 1 
140 6 12 108 
22 6 6 130 6 1 
182 6 6 1 1 178 30 
12 12 0 
205 
12 1 6 1 87 143 
10 1 6 6 1 45 
6 48 12 197 67 
6 0 6 1 116 1 111 
1 6 0 1 6 1 1 
1 6 93 70 100 173 1 
0 104 45 29 6 
0 12 44 6 
6 2 12 113 112 100 1 1 81 
1 12 39 0 1 
1 0 1 26 129 6 1 
154 56 1 92 6 
16 0 77 
142 12 125 
0 83 6 29 6 1 
13 131 12 170 
6 49 0 107 172 1 
6 57 0 6 
1 77 1 1 0 100 
89 29 1 117 87 36 133 58 1 
12 1 1 12 12 6 
128 6 91 154 
6 171 1 12 146 
65 162 1 94 12 23 6 1 
102 
198 
69 0 60 6 1 
0 197 
1 48 8 19 91 113 26 6 178 12 
77 68 12 6 63 
161 1 12 129 76 
1 42 183 1 1 9 12 1 25 
1 108 6 53 114 
0 10 
76 20 90 176 108 
0 12 12 
39 80 6 170 52 
131 6 151 12 
6 43 12 69 150 
126 119 57 157 1 6 65 
6 49 12 188 187 6 
197 12 6 115 
0 52 1 12 118 
17 12 12 1 25 6 
12 6 70 1 12 70 6 146 
12 87 119 1 6 67 
186 12 174 1 1 
132 
124 134 50 32 12 12 
0 12 76 179 1 37 
5 
6 6 6 0 29 
185 87 88 
12 144 0 1 179 
1 74 12 129 9 
6 6 81 12 12 26 155 
1 2 6 6 29 12 1 
105 12 140 48 83 12 126 
98 143 1 105 1 
0 134 12 146 54 
6 12 12 1 166 46 
0 1 69 36 94 100 1 
1 12 6 52 12 1 114 65 
1 110 186 6 1 
10 81 152 179 157 
192 1 1 1 6 179 172 1 
1 130 153 24 6 1 1 126 
136 130 6 36 54 174 2 56 1 
1 104 1 6 0 1 1 
143 156 37 43 1 1 
6 148 49 114 12 58 120 1 
171 51 1 83 149 1 134 
50 0 12 
6 6 152 0 
6 136 12 169 1 
76 0 6 12 1 
188 109 6 6 
12 1 142 6 113 
0 7 1 134 12 
1 12 1 86 6 
6 1 0 1 87 
1 12 1 12 3 76 6 176 
12 6 34 1 90 180 130 
1 149 70 6 0 6 
29 12 0 49 
35 148 175 
165 
149 97 16 1 89 
0 53 37 1 68 
0 64 12 173 1 
69 153 1 1 151 100 113 1 152 
6 145 82 8 67 27 
50 6 1 55 1 
0 89 1 155 3 52 
0 8 25 1 12 
181 
6 29 12 29 89 119 1 
1 1 173 0 112 30 157 
178 131 149 35 1 
28 0 68 143 1 
12 88 12 116 6 130 
0 22 
12 6 0 104 
114 98 144 180 28 91 
6 3 155 1 12 12 1 
1 6 125 12 1 114 1 174 
187 32 0 7 1 1 1 
164 
157 104 68 11 125 1 12 
199 
153 1 0 1 6 
186 148 56 26 51 
6 147 13 12 
6 200 6 6 1 1 
30 70 12 67 1 6 18 34 
1 0 12 112 6 
80 6 1 67 12 
6 182 63 52 
12 6 6 70 12 157 46 
174 6 1 12 6 12 1 
29 1 0 17 1 
197 6 117 41 
51 10 24 54 
6 88 0 6 
155 54 12 97 
139 115 0 187 
40 0 20 46 170 1 1 
6 133 17 1 6 126 1 118 1 
12 27 32 108 19 1 
29 0 149 52 29 
27 101 151 171 113 
190 
1 191 9 56 6 1 1 114 
36 12 89 145 1 
186 6 106 1 1 
6 29 6 127 46 1 
6 148 140 6 20 1 115 1 
6 37 0 1 6 27 25 
17 12 1 1 3 135 1 26 
1 184 60 1 6 
42 1 106 104 6 12 9 
145 0 
54 55 1 1 173 1 89 
1 52 123 28 12 63 
170 6 6 12 1 187 6 1 
62 
1 6 6 1 119 6 54 174 
50 134 0 6 32 
6 35 91 90 1 91 112 
1 184 144 123 1 
52 1 68 158 188 1 36 
64 127 12 19 1 146 
6 120 12 1 1 6 144 6 162 
52 1 65 155 12 26 6 6 69 
6 127 88 114 40 
50 187 105 6 43 60 146 
80 17 12 
32 12 6 140 6 6 1 6 
143 30 149 58 1 6 12 120 
120 12 12 27 1 40 81 6 100 
166 130 6 1 26 6 6 8 1 
8 47 54 12 
127 50 101 
12 161 81 6 81 
6 150 12 56 134 
12 148 12 166 
93 12 172 64 6 
19 174 12 1 1 34 77 1 
20 195 49 1 83 1 40 
25 178 6 3 55 187 
99 166 64 6 43 
141 12 12 6 1 130 
6 1 109 12 1 
100 6 135 95 6 1 
0 77 1 6 11 
55 12 90 
12 140 152 6 6 1 118 
1 6 155 12 183 29 1 
0 12 6 1 1 
172 44 40 1 0 6 9 
151 119 82 23 9 1 1 70 
6 129 171 12 
182 117 12 162 1 
137 
0 1 1 90 6 
1 12 40 125 23 1 1 
0 70 6 12 1 
201 
47 200 
192 1 12 1 6 
117 67 10 1 29 1 1 
177 0 
146 171 1 12 6 
32 28 68 176 6 12 6 187 19 
135 13 61 12 12 
6 2 0 1 136 
153 143 120 6 64 54 112 1 
0 176 12 6 116 
0 179 107 64 17 
0 6 18 6 
106 6 12 120 130 8 149 
72 84 12 
6 69 0 12 179 
90 12 12 121 
160 
105 30 1 0 6 6 
6 1 144 1 6 6 1 12 1 
53 6 6 0 
166 153 103 12 
116 6 32 170 0 6 
6 1 12 12 1 1 1 6 
6 21 65 157 1 155 
1 143 0 1 81 111 
0 54 65 56 88 
9 142 12 1 56 1 
142 81 12 6 19 
197 0 
170 6 0 6 6 
12 1 1 12 1 92 1 
150 149 1 24 1 
80 30 20 36 1 6 
92 0 8 6 
23 1 1 48 6 12 1 144 
0 7 1 9 173 6 
17 12 0 
147 1 12 135 136 
1 11 7 0 6 3 
0 32 12 126 1 
52 1 12 12 6 6 32 
130 173 12 16 61 1 
149 58 61 6 53 69 43 1 
2 6 10 13 
67 113 12 32 78 26 
1 192 54 49 65 1 48 
106 0 6 1 1 
9 127 6 173 6 1 
1 150 12 94 1 
0 48 1 12 176 40 
0 12 146 82 1 
6 81 1 1 16 1 44 12 
12 43 121 81 45 12 
182 92 119 
188 0 27 6 30 
156 1 1 12 6 
169 36 123 1 1 
77 6 6 78 
101 12 177 
149 12 0 1 56 
91 12 3 6 41 1 1 
123 6 6 1 180 1 1 3 58 
17 6 140 123 129 19 172 
10 68 103 6 
143 108 113 6 1 
0 178 1 6 12 
12 1 6 173 123 6 48 
153 12 1 157 60 1 
168 
94 6 121 127 
6 24 7 21 
211 
185 1 12 136 89 76 
12 12 1 61 46 1 1 
18 12 157 1 140 6 130 
6 0 110 58 1 
12 1 174 12 12 1 
12 1 63 1 8 1 1 176 1 
6 99 16 6 
92 100 86 135 100 
35 6 6 32 1 40 12 64 
148 1 173 12 12 176 
12 1 0 36 1 
1 105 6 113 6 0 
130 49 6 1 1 63 90 1 
76 188 184 25 11 116 
1 140 1 188 6 26 6 83 9 19 
1 6 1 0 6 32 178 
103 123 83 12 9 6 
1 152 1 6 0 
12 99 136 1 6 
88 12 12 87 
70 0 82 45 100 1 1 
6 108 6 6 6 
91 79 48 6 1 6 
12 141 6 12 172 70 
6 6 27 0 113 134 1 
192 1 26 12 6 
36 109 6 113 6 1 
13 1 12 86 1 
33 10 
89 84 180 170 36 6 120 51 
177 8 6 12 
0 177 
0 173 1 16 37 
73 12 125 
12 90 98 
151 12 151 12 35 
1 0 1 12 1 116 
64 1 13 82 43 120 90 12 
44 0 66 6 
6 92 61 105 1 36 1 
127 143 183 
12 1 178 12 75 6 
162 0 6 12 11 
180 12 1 6 117 1 6 6 
157 6 6 177 6 
197 6 1 6 27 1 1 
0 12 54 1 67 
93 103 1 31 1 
32 0 12 1 37 1 
12 12 20 58 12 32 
94 25 179 178 6 124 12 6 1 
78 57 174 1 46 
207 
4 
100 6 0 12 67 
6 6 60 6 12 6 
168 
6 6 12 54 6 12 
79 6 1 6 1 6 
10 186 
6 22 1 12 1 
12 1 6 12 12 1 
33 197 
43 12 6 73 112 
6 1 39 84 12 1 1 1 
0 6 179 12 64 
143 114 23 68 1 6 94 
160 
142 6 125 6 
12 1 1 1 6 128 157 114 
55 63 128 
10 6 6 12 
7 26 119 147 1 
0 6 31 1 68 1 
84 6 166 6 6 65 1 
113 79 157 1 1 11 82 
12 12 1 6 29 1 136 1 
23 88 12 12 
0 1 128 1 89 25 
122 
0 146 12 116 187 
81 34 76 12 28 12 36 172 
12 1 135 39 12 6 1 
1 1 6 58 166 103 56 6 
12 12 78 
12 143 6 1 1 162 8 81 
1 120 83 154 12 89 
103 93 6 6 
0 175 
77 6 75 148 49 
6 80 88 40 32 
166 48 1 0 37 146 
6 0 129 136 54 176 
0 34 12 32 26 
44 0 6 28 6 56 
12 6 0 1 112 
178 83 6 6 12 12 6 
12 187 1 195 1 
12 146 32 12 6 57 
75 0 1 6 58 
128 149 0 6 
107 12 98 176 9 
5 
137 
1 0 151 1 28 6 1 
1 123 86 58 34 
12 6 195 6 
202 
0 1 12 146 49 
66 84 77 110 
157 97 20 66 
6 0 12 1 1 
139 117 1 2 1 61 
3 106 27 152 69 1 6 100 
193 
6 67 1 98 12 
145 6 39 45 6 
79 175 
6 143 98 13 
17 94 75 119 36 
1 76 23 174 126 1 134 67 6 179 
1 20 6 111 6 29 56 7 48 44 
143 1 1 7 123 107 94 
0 35 1 6 1 
182 61 120 114 1 1 
134 72 3 12 1 
79 50 49 1 162 
62 
209 
167 
15 
12 28 131 1 1 67 
21 0 
10 73 
12 43 113 0 51 
1 28 6 140 30 12 43 76 25 6 
6 6 114 1 54 1 92 6 176 
9 1 187 140 130 56 175 
6 151 12 0 
6 157 6 21 100 1 
28 12 130 6 101 19 6 1 
24 0 6 28 1 
66 29 99 6 
0 58 1 57 6 
6 114 6 12 12 6 1 
99 6 100 82 1 6 
6 8 12 1 170 1 1 174 1 
30 1 0 35 178 1 
6 31 0 1 6 70 
0 0 
0 1 12 1 32 1 
3 29 6 80 6 
174 0 13 7 6 
183 30 110 117 6 6 26 
57 177 129 6 
68 1 40 1 133 12 82 180 1 
1 37 64 171 76 1 6 1 
32 1 25 170 1 68 1 12 144 1 
171 12 135 129 
12 0 12 
12 1 175 172 94 
140 186 149 1 76 6 
77 111 74 1 1 162 
109 12 28 6 162 
1 139 1 6 124 6 12 
6 161 1 82 1 1 26 
1 53 178 12 6 6 94 
134 6 6 54 81 36 12 6 
44 12 101 180 148 
1 12 143 179 1 170 83 107 
111 32 21 123 126 
53 18 111 1 114 17 1 
100 179 0 1 6 8 58 
12 11 30 0 94 
29 124 1 30 12 1 12 1 
66 197 39 3 
6 78 6 1 6 1 
1 12 133 12 6 20 116 
89 12 89 9 6 12 6 1 
0 113 31 91 6 1 
6 78 144 12 
72 76 6 125 118 
2 0 12 
119 183 1 17 27 113 1 
6 53 12 6 153 
12 6 12 26 6 11 1 1 
139 126 0 117 
95 142 
98 0 
1 93 6 12 1 
143 12 8 176 65 6 20 
194 
124 186 1 1 12 
1 12 115 188 125 1 
190 
12 12 172 148 1 1 176 
112 6 39 124 7 69 65 12 113 
12 6 0 1 81 
170 82 129 12 1 12 179 
12 1 31 76 111 7 173 1 1 1 
68 175 1 100 12 
66 142 101 
12 156 6 91 
189 
0 60 88 
76 156 2 6 176 
6 143 76 6 12 6 67 
1 0 1 1 6 120 6 
129 191 64 6 1 37 69 
22 12 6 3 
162 12 1 136 125 70 28 6 120 
1 12 34 0 1 
119 157 0 104 
134 125 94 83 55 
161 200 
57 176 28 72 1 1 
138 
97 1 12 1 179 69 
12 0 63 
210 
175 6 123 40 1 
6 0 12 1 37 
1 1 1 6 113 0 6 
12 79 6 37 43 
0 45 100 1 28 116 1 1 
151 6 6 52 134 1 6 12 
0 148 124 1 114 
0 67 12 6 178 
12 0 1 6 76 
1 182 65 178 6 178 6 
148 179 119 153 6 1 
38 1 0 8 30 
1 24 92 166 34 1 
1 31 92 0 1 
1 183 6 12 1 28 1 20 
12 1 154 6 1 
23 125 150 
29 166 91 27 134 1 90 178 
12 6 0 1 130 
0 1 129 146 6 1 118 
21 12 139 
57 150 115 1 1 
6 12 173 141 6 29 
36 35 77 45 68 6 
36 0 152 1 56 
68 173 0 1 6 1 
6 1 34 0 56 136 1 
39 12 32 65 6 20 76 1 6 
132 
47 146 1 174 12 
12 6 23 6 6 100 1 
12 86 1 6 1 
12 6 12 6 12 
178 0 1 12 1 1 
18 6 134 6 76 6 6 39 
94 56 0 113 87 
12 12 12 1 118 44 
0 33 
139 1 17 152 135 116 
195 6 6 91 7 
1 60 46 0 27 1 
118 49 6 172 6 140 7 104 31 
121 1 1 12 6 174 162 1 
57 1 104 6 12 1 130 1 
90 12 12 6 39 
173 173 1 0 6 1 
12 65 183 146 6 42 1 1 
0 1 1 12 70 58 
12 12 6 82 31 1 1 
6 1 191 12 1 
6 148 48 121 6 65 6 
1 12 12 1 3 135 67 1 
1 0 12 89 113 1 
50 0 41 
67 105 81 109 12 
105 12 42 0 
1 11 74 1 12 112 
66 6 1 97 1 
13 12 1 6 1 6 135 27 26 
107 0 12 1 1 
27 65 1 124 13 6 1 1 6 1 6 
9 10 6 105 112 26 112 
181 
6 1 6 91 187 183 1 40 37 
179 1 6 0 1 6 130 
141 0 83 170 65 
106 52 155 176 1 151 134 176 6 
197 1 103 1 6 
12 6 146 12 144 1 6 
6 60 28 12 104 6 1 
0 90 12 
80 0 
12 12 120 180 1 48 6 118 
7 6 31 47 129 
12 22 12 
204 
170 56 151 12 12 6 27 
1 27 0 12 6 
14 
1 76 133 1 6 6 1 53 26 1 
51 6 148 65 6 124 162 1 19 
1 149 6 0 1 130 67 
1 81 6 12 44 6 1 6 1 
126 55 135 49 134 56 
6 26 184 41 1 
1 12 1 12 7 65 6 19 
195 12 6 6 
29 180 150 12 
13 0 9 152 1 
161 6 1 6 1 1 1 
12 170 65 0 1 
12 6 6 188 6 140 
6 0 2 1 32 
108 152 12 
86 125 66 
87 157 52 0 
70 1 170 0 119 
19 26 37 6 119 12 1 151 
16 0 19 6 28 
187 12 6 162 41 1 20 
1 6 48 88 12 173 6 
1 1 11 60 52 1 6 12 
106 128 6 6 172 46 1 43 
12 53 33 
142 111 6 1 1 83 6 
12 0 111 94 1 
164 
201 
89 0 27 6 6 3 
12 6 186 1 1 
12 105 12 81 1 12 
179 107 105 11 171 1 1 
121 6 0 1 58 
6 12 101 12 1 162 
173 48 1 12 12 6 134 9 
24 1 67 12 188 91 
6 6 166 187 12 1 27 
47 99 
82 1 1 112 182 6 28 
0 51 84 117 
6 6 6 19 10 1 
0 12 6 76 1 
191 180 1 133 1 46 172 
158 12 183 92 
17 12 182 
12 64 6 129 1 135 1 94 1 
0 12 144 6 
1 12 1 0 1 1 
82 191 12 1 1 
102 
12 39 195 6 
159 
0 78 
155 182 152 6 
206 
56 12 12 6 1 180 6 
18 6 88 6 12 
0 136 1 135 32 170 1 
157 12 6 2 1 180 1 
12 133 11 184 1 
198 
175 74 
119 1 1 195 1 1 
12 6 6 0 
10 115 88 89 100 
6 16 56 140 1 6 6 1 76 
30 17 0 1 1 162 
195 0 
93 0 
6 6 100 72 1 1 1 
172 12 127 104 26 
12 6 6 45 90 7 
147 192 
12 86 12 
6 60 127 54 
69 126 12 12 7 130 91 
6 136 6 93 11 6 
98 12 52 144 
0 12 1 6 69 
165 
32 89 12 0 6 
6 64 84 7 6 27 12 
43 179 0 146 12 40 
0 61 6 1 1 
75 173 134 118 0 
1 55 6 119 1 
110 0 65 6 65 
48 195 6 77 179 
0 100 67 1 51 134 1 1 
6 0 6 12 
12 6 1 86 1 
1 92 10 91 1 
146 12 9 1 12 6 140 1 
1 68 173 12 1 6 12 
18 178 1 6 86 
6 145 153 1 114 
111 149 12 0 46 
0 149 12 1 43 
12 57 1 6 152 65 
12 111 57 6 6 6 113 
52 166 12 53 1 112 
1 1 1 0 136 135 40 118 
18 6 6 3 111 12 1 
24 47 6 13 
54 157 191 12 
1 1 1 40 121 1 6 1 113 6 69 
37 1 64 64 6 99 27 162 
37 184 75 26 6 
12 1 0 51 67 
16 1 76 12 107 1 118 130 1 
12 1 12 1 146 143 1 
1 185 6 128 46 
199 
6 6 174 51 0 
94 0 12 133 
1 117 57 123 106 1 
1 0 50 54 1 
136 110 17 149 12 112 
0 100 12 1 1 1 
1 40 6 1 113 6 170 56 12 1 
1 0 92 1 6 
6 66 70 100 180 174 125 
34 12 135 173 6 119 
10 6 12 1 1 
140 1 0 12 1 
6 82 6 0 6 
92 6 0 157 
47 6 1 42 1 6 
175 51 1 6 118 34 
0 1 113 104 70 187 1 
12 12 161 
69 12 12 12 6 25 
12 49 77 179 6 1 6 
93 21 
107 98 1 141 1 
6 1 18 6 51 43 29 1 1 
1 174 1 12 1 104 44 56 180 
108 75 128 
1 12 6 12 124 6 83 
87 113 172 12 178 13 1 30 118 
6 40 197 25 1 64 27 1 
6 0 29 1 42 118 
6 12 0 6 
1 1 6 6 162 111 67 6 61 114 
6 64 16 139 130 12 
12 67 54 18 1 12 
1 9 170 77 1 1 110 6 
89 34 1 25 67 1 1 6 140 12 
0 97 
147 81 125 42 1 
126 0 6 6 140 
12 136 87 94 12 1 
12 1 0 114 1 178 
34 12 1 89 75 1 105 1 
1 33 31 18 56 
6 0 29 12 
0 74 
69 0 1 1 36 9 1 28 
1 6 0 123 176 
6 46 124 12 115 1 40 1 1 114 
120 6 37 12 131 
200 153 158 
120 20 1 100 154 6 1 
31 6 12 0 
64 49 13 0 6 1 
1 56 0 90 134 100 
169 3 170 6 69 25 
13 12 6 24 6 118 19 
0 158 7 40 1 
0 6 81 6 6 1 
6 6 11 12 6 50 162 
95 26 6 18 120 
162 6 1 12 136 12 112 44 
6 44 6 88 6 157 68 
179 162 6 1 22 6 1 
6 12 63 6 1 1 54 
12 0 6 1 70 
6 12 35 1 12 118 
0 12 6 1 1 
6 141 0 1 146 
12 108 183 
154 139 6 6 
0 28 6 6 52 58 
6 6 172 0 170 100 
139 1 1 6 51 16 6 
1 151 12 0 1 
6 1 6 104 100 6 1 1 45 6 
12 90 12 126 135 
1 0 172 1 6 1 1 46 
81 6 197 1 1 1 6 
123 0 69 76 1 1 
2 1 16 6 110 1 
12 1 47 105 1 
67 12 0 1 1 1 
0 54 69 1 12 
0 155 1 6 1 6 
20 78 124 1 1 134 69 
1 172 8 119 36 12 6 
113 121 1 1 76 1 6 68 20 172 
25 56 0 1 1 141 
200 12 50 
12 27 6 200 114 
1 6 1 0 12 
23 1 191 6 1 
12 19 12 114 48 38 1 
12 1 66 129 1 120 6 1 
12 6 6 156 
71 
6 6 6 80 3 
104 146 127 12 1 
12 176 100 178 12 6 29 1 
24 169 151 1 1 
41 154 6 126 
124 12 11 177 83 
94 9 6 114 78 6 
1 175 1 6 44 27 11 
0 32 146 1 6 1 32 114 
195 188 54 6 
1 108 12 32 6 
1 1 1 12 113 124 1 69 1 52 1 
13 0 157 34 6 
6 52 1 0 117 1 
0 86 
6 12 6 119 158 
1 1 92 12 141 1 1 
214 
87 7 1 50 32 148 
188 106 146 88 1 178 1 
213 
114 23 12 60 157 1 
109 123 45 1 64 
196 
35 12 105 67 6 1 40 1 
162 1 1 92 64 151 1 38 64 
59 
197 0 
0 12 1 1 6 
12 0 57 
63 6 74 187 
39 151 24 12 1 6 65 
12 1 0 42 1 
27 131 12 1 1 1 
12 6 124 36 39 1 6 1 
6 39 1 12 26 118 70 12 
146 12 12 40 129 6 1 46 
72 52 1 12 1 
0 37 54 174 6 178 
25 6 12 6 178 6 1 134 52 
6 91 17 7 166 1 67 
4 
85 
38 0 1 6 1 
0 12 1 6 1 
23 91 125 40 6 1 1 43 
12 6 1 6 113 1 6 1 1 1 
106 12 46 29 136 116 6 1 
0 6 3 134 3 162 
21 33 
12 1 120 12 124 6 6 
117 166 0 133 
112 72 12 1 6 
1 6 73 174 6 1 
101 176 1 1 174 112 6 133 1 1 
1 174 133 6 0 130 
12 47 35 
6 12 6 0 
45 0 48 52 130 6 
27 12 1 6 6 70 6 187 83 
142 84 19 1 1 11 
179 155 46 73 6 118 100 
6 118 45 45 13 6 42 43 6 
113 197 1 81 1 61 
6 49 6 12 50 1 46 
199 
157 46 0 123 1 
1 6 12 12 40 134 1 144 
170 12 22 6 
63 61 45 12 104 
12 179 12 12 70 1 19 
7 183 87 12 6 
6 170 0 17 
6 45 70 1 56 175 37 
6 52 98 120 6 65 
144 29 0 1 7 178 
6 141 66 12 6 
149 6 1 20 23 6 52 178 
12 6 12 6 32 6 40 
1 12 148 12 7 1 
167 
12 82 1 112 1 1 12 6 
138 
56 169 12 1 6 
5 
78 12 128 
176 182 12 105 1 
33 66 172 133 1 
6 6 6 1 17 12 27 
6 12 72 136 1 
77 50 1 1 1 53 1 
6 113 110 6 17 51 11 
1 166 6 32 174 35 1 1 
28 6 1 126 12 12 1 1 
6 145 90 6 
12 1 0 6 1 
152 12 9 1 6 143 
12 43 140 6 1 12 1 120 
37 1 6 63 1 38 129 178 
196 
20 141 83 1 78 
0 67 2 1 173 
63 1 142 6 179 
12 12 8 124 1 176 6 
0 123 92 
1 6 82 6 158 27 158 
1 139 16 1 6 1 1 118 26 
6 6 37 6 0 9 
152 38 6 43 6 6 28 
1 0 1 12 176 111 
139 0 12 
1 161 100 12 6 
1 6 1 30 12 12 6 1 
132 
127 0 
9 192 1 83 100 6 1 67 
64 12 49 97 111 
197 0 
6 26 0 6 6 1 
149 115 128 0 
1 0 6 126 173 1 
42 192 1 170 6 1 
0 91 173 50 
96 
6 1 1 79 6 1 56 
12 1 12 6 58 6 70 1 
14 
1 166 47 6 1 
1 97 65 6 12 
6 88 176 10 1 
89 0 1 42 1 118 6 
6 170 12 115 12 129 
1 55 111 118 12 11 
0 12 12 
0 12 6 1 1 
110 116 0 19 6 
184 0 
130 12 6 37 1 7 1 1 129 56 
1 105 110 1 1 174 178 12 
109 108 
188 179 1 6 35 12 
12 6 0 19 1 
27 1 166 22 1 176 
116 6 1 12 77 1 117 1 
131 0 
12 130 50 40 43 1 94 176 40 
194 
120 192 7 130 1 1 6 
59 
118 12 1 12 12 1 40 
173 1 151 127 40 40 1 
87 129 12 162 37 12 
49 20 1 0 129 1 
163 
1 101 118 103 6 12 
6 112 23 25 140 114 1 6 6 
180 6 6 64 1 40 1 105 87 
130 60 12 12 107 1 
165 
129 6 152 13 172 51 6 1 
0 32 1 170 25 1 91 
12 45 141 123 1 112 
6 33 1 179 179 1 1 1 
1 0 12 6 89 
1 120 83 131 61 37 
150 6 8 1 155 179 
84 1 69 52 0 
152 12 32 1 3 12 
156 6 1 6 6 1 
2 125 178 1 6 6 6 
12 12 131 
92 52 158 12 117 
1 70 45 6 44 0 
6 0 77 6 
87 6 83 118 184 
0 0 
157 68 6 6 90 12 
6 140 44 12 6 139 
74 133 6 77 
181 
1 157 6 43 6 109 
12 6 1 12 6 6 1 
0 6 40 6 83 13 
6 6 6 6 155 91 118 6 76 
0 73 
20 0 6 111 54 1 
91 107 12 48 166 107 1 
209 
1 29 1 6 12 153 111 1 
6 65 12 0 1 
12 1 41 110 1 1 120 
12 0 43 70 129 
26 104 133 78 133 100 
1 12 1 0 1 58 
45 6 12 25 9 12 116 64 
6 12 37 91 1 6 91 42 
0 6 83 2 1 
0 12 6 6 
6 0 49 6 107 
1 1 1 13 76 9 12 46 6 118 1 
1 128 57 117 6 1 68 
12 87 34 1 12 19 
63 1 6 88 1 162 172 6 
45 99 148 1 37 
6 80 1 12 112 
56 6 6 12 130 12 155 
95 90 116 170 25 
1 6 157 187 24 1 180 83 1 
0 12 6 28 113 
74 51 75 81 40 
0 53 6 31 
1 12 67 6 64 64 12 1 1 
1 1 0 107 32 1 135 
0 183 12 
0 6 139 20 
6 58 152 77 12 100 
1 91 39 128 126 12 1 
172 6 48 61 37 51 12 130 
12 73 1 1 1 162 
1 0 11 6 152 
125 1 1 158 18 6 
34 113 12 0 1 
12 152 32 1 6 12 
213 
12 6 0 187 
6 1 28 1 6 95 162 
105 173 24 0 
6 1 12 6 12 36 65 
68 26 34 116 118 1 158 1 1 81 1 
69 12 0 1 6 
0 1 114 6 6 117 
10 147 
125 156 6 130 146 
1 10 6 89 1 116 113 1 
177 6 149 94 11 1 
105 51 1 74 26 162 67 
12 61 179 6 6 26 1 116 
0 94 143 6 
153 6 182 116 1 
6 187 136 172 50 1 12 43 
141 200 130 1 39 
32 6 6 150 136 1 1 
203 
12 25 75 64 6 141 
3 27 0 12 172 
24 12 6 12 1 113 
114 1 0 6 12 
0 1 12 27 1 146 
0 120 162 136 151 1 6 
55 98 
0 33 
6 6 1 155 188 90 162 
49 0 12 117 
12 12 0 
46 180 12 1 28 12 104 1 
12 0 12 
18 21 6 155 
19 97 88 30 6 
9 0 6 115 1 1 1 
206 
98 179 106 3 25 
125 0 19 6 112 
117 6 0 126 179 1 
12 153 0 
210 
195 6 126 134 1 1 116 
211 
114 12 6 109 1 
65 6 0 19 1 70 1 1 
147 1 166 7 178 
6 101 98 104 
1 6 1 1 107 200 1 
26 67 1 1 18 19 1 12 179 1 
139 100 197 120 1 162 
1 24 12 180 151 149 40 
51 125 25 197 9 
113 1 95 66 114 172 
12 19 69 83 45 12 6 1 
6 1 46 6 12 6 1 1 6 
133 6 6 1 1 12 130 144 43 
1 23 6 12 6 117 9 
153 1 145 1 1 1 
67 70 12 1 84 92 48 
164 
12 90 44 12 49 
1 58 184 6 129 46 11 
12 67 1 1 6 66 44 1 
86 103 81 68 1 
6 116 92 1 1 1 130 179 115 1 1 
131 16 12 
87 139 139 12 
1 185 46 170 69 25 51 
17 6 183 149 94 25 40 
141 0 1 104 1 
7 12 6 12 23 
87 86 37 49 134 
12 1 1 0 1 176 
1 6 172 6 152 12 6 
20 0 6 1 54 1 
0 6 90 1 1 
0 94 6 1 44 178 
94 21 100 12 1 
0 41 146 13 81 
32 12 0 116 6 
178 1 33 1 6 6 1 
6 51 177 75 
35 12 6 1 12 1 
0 153 112 6 1 
84 56 43 1 99 1 
36 31 0 92 
0 6 6 105 6 
0 7 6 1 6 1 
1 12 1 3 24 56 42 1 
0 72 
111 197 12 6 28 
0 6 77 151 
144 166 0 31 
32 89 118 6 52 6 12 151 130 
214 
198 
1 125 0 68 1 
1 30 12 1 24 17 26 
58 136 151 0 12 
53 26 6 183 25 12 
129 51 74 12 
27 0 31 1 6 111 1 
182 12 135 117 
6 93 48 12 176 
161 114 1 12 6 
0 55 
0 142 
25 6 6 131 6 1 
179 104 86 6 6 1 
0 6 140 1 174 1 
1 6 139 55 1 
146 0 6 60 1 
126 0 6 12 
81 0 89 54 1 83 91 
6 187 1 1 89 80 1 
90 32 0 39 70 
12 12 7 9 6 1 1 162 
6 183 0 176 64 
176 6 176 0 166 
1 12 1 93 1 146 
12 1 0 6 37 
201 
6 12 104 12 121 
6 156 1 1 1 144 76 
6 1 12 155 12 6 1 
45 119 0 40 1 
6 32 6 177 6 56 
48 143 157 6 12 1 6 
6 1 12 0 112 
1 78 6 6 1 1 64 
178 1 1 1 0 1 173 134 
178 0 1 1 6 6 1 
68 1 6 0 1 1 1 
0 141 36 6 
6 1 30 6 46 0 37 
156 170 1 1 6 25 120 
8 1 29 32 1 27 12 6 37 1 
12 156 61 
212 
173 57 79 134 116 
6 35 142 6 
16 87 36 30 1 1 1 1 130 
146 1 0 110 118 178 
121 20 10 45 
151 1 12 63 178 12 
37 1 33 6 34 8 
0 155 1 65 12 
97 6 48 1 1 1 94 
6 9 90 12 6 1 43 70 
12 143 0 
0 111 12 1 1 114 
6 1 120 110 6 158 113 40 
34 1 143 6 100 30 1 1 6 1 
53 6 12 12 162 1 
6 12 0 1 1 
160 
22 177 
1 6 98 6 1 1 1 
0 1 173 6 1 26 1 
48 27 6 6 191 28 9 
0 1 6 166 76 
1 12 7 0 1 
129 12 103 12 6 
207 
193 
48 143 0 6 111 
136 112 0 42 120 6 89 
104 112 20 0 1 94 
93 0 
94 39 142 143 
1 0 18 1 44 
114 0 42 180 157 67 
6 126 70 78 64 1 113 
12 135 185 6 
1 127 6 12 65 
1 95 12 6 113 
1 12 6 6 12 136 1 83 
190 
12 43 0 107 69 
161 1 6 6 6 1 
178 1 12 37 1 188 116 52 118 
151 1 6 81 6 1 12 178 6 
172 1 147 16 1 130 
94 166 89 6 84 6 83 
1 12 192 31 120 
130 180 197 121 1 
6 20 6 116 69 12 100 6 67 
0 6 113 6 70 6 
36 46 0 51 89 112 1 
113 12 46 12 61 56 32 
95 54 179 12 1 
36 25 37 6 67 0 1 
153 77 112 58 17 187 
6 81 39 12 40 6 64 1 129 
6 139 21 1 1 
12 12 21 
26 56 0 12 1 11 
12 95 84 
1 6 6 105 124 7 6 1 1 89 
88 101 29 92 36 
12 12 77 1 113 1 1 
161 12 6 172 1 
3 23 127 172 112 
12 46 24 6 1 100 1 82 
1 95 1 1 81 1 6 58 
0 19 12 179 6 
1 68 1 146 0 1 149 
12 92 12 6 20 
12 6 0 6 
50 91 1 1 6 25 70 112 6 111 
84 17 171 
146 1 6 21 176 6 81 
6 156 70 18 1 
7 0 12 113 134 
19 1 12 1 30 75 1 6 1 
13 1 12 148 123 1 
12 6 146 1 51 41 1 30 
140 1 12 151 12 52 120 
81 6 12 121 1 12 
12 1 70 12 1 119 1 
174 66 1 65 175 
0 1 6 12 1 
147 147 
12 89 155 3 1 82 30 51 32 
8 6 12 187 64 6 1 1 1 
1 6 65 45 101 128 51 
55 176 149 1 19 54 81 
37 1 117 11 103 6 12 1 
1 0 12 129 25 
55 0 
1 3 29 0 6 1 
22 151 1 12 1 
187 0 12 20 
108 1 42 6 146 1 1 
68 157 12 192 
57 109 139 
99 74 
6 27 97 88 1 
66 0 103 
76 25 0 91 12 
45 12 1 0 48 
6 140 143 130 12 1 1 28 
0 6 101 1 1 
1 6 1 0 70 120 67 1 
6 8 0 60 
0 50 6 6 
1 67 12 154 114 1 
0 6 12 1 112 
120 1 107 12 68 12 6 
6 12 140 55 
169 33 
12 1 44 0 1 
0 1 155 1 113 6 114 
0 54 170 6 104 
157 1 22 143 1 
21 175 
1 1 0 157 123 
34 0 1 151 1 6 
12 28 76 6 0 
6 6 54 39 89 48 6 64 6 76 
1 0 1 12 1 83 
51 0 6 6 1 118 
143 187 92 1 12 116 
0 1 6 52 118 1 1 
1 0 6 152 1 
12 95 1 6 64 
12 154 136 1 1 30 
6 6 12 97 
1 12 12 6 77 40 
12 197 6 107 
6 176 104 0 1 91 
65 6 126 12 158 6 26 
115 6 124 1 110 24 26 
172 46 6 142 1 6 1 
89 6 24 52 8 19 88 
0 21 
0 145 
1 99 12 6 1 
12 6 6 94 6 6 1 56 
1 6 12 1 33 
6 142 133 12 
1 39 1 60 12 146 6 1 
178 50 125 1 12 1 1 
1 115 0 13 31 1 
104 110 68 6 83 3 1 13 
28 6 1 12 89 6 24 67 
26 12 6 29 39 7 1 11 1 
1 12 176 170 1 124 1 126 180 
1 0 1 173 12 
0 1 12 176 34 
6 6 56 0 114 7 
1 6 12 0 40 
12 0 1 27 1 46 
1 148 76 6 0 
1 78 116 139 91 
108 6 149 179 11 6 
6 61 1 13 12 6 76 
6 12 72 56 27 
12 91 0 42 
9 23 148 12 3 25 
0 135 121 1 1 
89 0 155 19 27 118 32 83 
31 51 200 134 82 76 
1 0 12 6 1 
12 12 117 12 1 1 
6 80 6 151 6 
131 6 1 51 180 25 
0 6 6 92 
61 12 6 115 6 1 30 
1 105 147 1 81 157 1 
53 6 0 1 1 
12 6 150 6 
125 1 0 19 1 1 
108 1 6 1 63 
20 1 12 1 67 1 6 12 
0 6 155 65 178 1 1 
6 66 12 179 6 6 1 
4 
66 0 162 51 1 
204 
210 
98 6 58 6 6 112 
12 6 0 1 1 
6 171 12 1 43 
129 0 40 12 9 
1 11 12 110 58 12 136 
23 16 43 82 77 28 
1 0 1 6 6 6 
6 0 139 45 
140 0 1 146 12 
0 82 134 1 135 6 
140 6 1 0 1 6 
27 114 1 1 16 1 46 6 1 174 1 
177 0 
6 108 67 66 1 
41 1 6 12 118 1 89 133 
77 6 12 6 1 157 1 
12 182 31 6 
0 0 
6 94 150 3 36 
85 
196 
12 200 63 
98 0 
183 0 54 25 1 
84 0 1 100 178 1 
182 12 157 1 162 
199 
120 84 6 12 1 45 6 
29 12 55 27 1 
117 134 35 29 12 6 1 
0 60 133 112 28 
12 1 6 89 57 6 1 1 
0 101 101 
0 17 20 124 
76 6 6 1 188 12 1 56 
1 0 1 133 1 68 1 
12 24 83 1 1 43 12 
123 1 120 0 162 1 
91 76 1 12 0 
64 1 1 157 6 1 12 120 6 1 
172 1 92 65 133 6 12 9 
12 13 90 6 116 68 1 
12 139 6 76 63 1 
214 
169 60 125 
12 18 12 6 1 1 
137 
70 81 49 1 1 103 53 135 
12 56 0 40 6 
56 68 1 100 155 0 28 
10 197 
42 6 1 6 1 1 1 88 1 81 
3 1 12 180 8 148 118 
65 173 180 6 12 1 1 149 1 
104 81 6 33 120 6 
1 91 0 12 162 
0 73 
150 0 
22 0 
41 67 1 188 6 42 130 70 
40 12 75 124 1 77 
36 0 6 37 6 1 
12 110 128 53 
12 92 6 100 6 70 8 
146 200 1 178 39 180 1 
1 12 58 53 6 6 52 
26 192 1 44 1 31 69 
0 1 152 6 1 
12 109 12 
66 175 6 69 1 
1 98 1 12 173 
63 0 77 
1 1 31 53 0 
64 184 9 6 67 114 1 1 
8 1 91 6 12 90 1 
132 
1 119 6 0 118 
113 13 153 6 1 1 1 12 
81 0 92 6 48 
6 6 125 12 12 
12 12 0 
1 1 87 188 94 1 25 1 1 
0 12 180 1 1 
190 
12 22 116 6 27 
106 1 61 12 146 1 43 
1 6 6 93 81 3 
1 12 1 6 1 35 6 1 
142 51 17 1 118 
172 173 66 72 1 
76 1 6 140 12 12 180 
104 1 185 12 1 
0 10 
1 1 13 58 12 6 158 1 
0 94 63 135 
91 33 13 152 
1 151 6 0 6 58 
50 54 130 6 6 26 12 
0 1 24 94 1 
1 12 86 1 1 136 
56 0 1 57 1 30 
182 12 107 6 
0 116 6 6 6 1 
97 6 166 6 
46 38 88 6 12 162 
168 
6 12 99 13 
1 9 12 1 39 7 1 12 
45 155 66 0 
12 6 6 6 12 6 
12 12 107 104 1 6 1 
159 
169 47 
101 179 89 148 12 6 
70 1 1 41 12 157 6 1 
6 56 10 94 170 1 
0 94 6 66 
12 90 1 6 144 28 1 26 
151 183 83 67 107 1 6 6 1 
28 158 1 12 17 136 1 
12 0 6 6 
62 
153 107 188 12 115 
12 183 54 66 6 
1 6 6 12 1 7 60 
6 158 6 6 12 1 76 
202 
163 
0 31 32 130 12 
0 6 1 1 12 
6 1 6 12 34 6 105 1 
1 107 86 89 7 6 
111 6 52 170 12 82 20 111 
109 0 
0 109 
160 
32 124 6 18 158 6 40 
162 182 1 121 1 111 
106 187 47 83 1 
209 
133 12 1 158 44 6 67 
6 6 0 1 112 6 
77 6 12 24 6 
12 0 1 6 162 
6 92 109 173 
161 135 92 6 
172 12 12 128 6 1 
24 12 49 11 1 75 
175 1 1 6 170 6 
12 12 1 12 1 6 
1 127 6 176 12 
1 67 187 34 38 6 17 
12 1 1 1 0 1 
6 48 1 125 77 1 1 1 130 
0 195 
0 57 68 1 43 
155 0 12 113 1 
108 120 146 28 6 6 11 
80 6 6 1 116 6 
12 8 0 1 1 
12 12 6 149 12 
10 58 6 57 1 
64 6 0 105 1 67 1 
90 197 67 6 1 
7 148 3 9 158 136 6 
80 6 1 1 6 37 1 
12 6 0 6 
69 187 143 12 1 1 1 162 64 
172 6 0 42 44 1 
197 200 
6 1 152 6 28 1 6 58 46 1 
37 106 12 82 12 9 
0 1 158 6 25 
6 125 44 195 
3 6 0 43 1 1 1 
0 107 44 41 
12 107 1 86 1 
27 12 97 174 48 
96 
16 6 1 1 12 50 
6 0 155 94 6 
74 0 
12 162 135 0 1 
12 1 0 1 8 
0 23 111 1 91 
0 6 1 6 42 114 
6 113 6 1 152 1 17 120 
201 
78 6 187 18 
158 82 73 32 81 
15 
10 2 12 
6 12 23 76 87 1 
153 1 25 12 12 20 
19 1 153 47 1 136 
1 123 12 1 112 1 92 
1 0 19 1 1 27 69 81 1 
60 0 12 
12 12 1 6 1 6 113 112 
129 114 123 184 83 
125 1 17 1 12 1 1 
76 1 6 0 45 6 
6 92 0 1 30 
114 12 54 6 16 30 1 136 
74 45 6 1 1 1 113 
112 64 12 25 61 6 25 6 
6 147 148 81 30 
63 0 152 
12 161 1 6 58 
106 1 1 0 6 
12 39 157 108 
108 6 179 128 1 
170 131 75 52 
126 12 195 76 114 
148 108 34 140 
90 1 0 46 6 
197 186 
12 91 99 1 1 
6 191 1 87 25 
1 6 78 2 162 
28 12 1 6 130 6 6 58 91 
183 12 154 
0 125 124 6 
121 136 12 29 12 116 
123 1 0 13 1 
19 130 112 130 40 133 1 12 1 1 6 
25 0 6 12 64 
81 105 6 0 34 1 
12 166 171 
12 83 6 12 133 6 83 
51 95 1 29 6 1 
28 12 6 0 26 
118 116 7 185 172 20 1 
36 12 149 7 118 126 6 56 
12 0 157 1 1 
6 12 0 1 37 
108 12 12 
14 
0 6 143 6 
99 6 67 44 6 37 
36 0 12 104 
0 81 69 12 6 
30 6 12 6 53 1 124 
161 0 
1 17 12 1 52 152 
74 84 144 1 40 
0 133 35 1 178 
12 155 180 177 
6 6 1 23 178 49 187 45 
0 87 114 6 116 
12 78 12 
12 1 44 1 6 35 6 
99 1 48 6 91 37 1 
13 1 60 56 6 1 12 1 
6 0 6 158 
73 97 
12 26 6 6 12 6 25 
21 12 70 6 1 
150 101 84 
212 
1 91 6 97 130 30 70 
12 154 9 1 6 
10 6 20 20 1 1 
39 12 19 80 1 
28 0 83 12 81 1 
12 184 17 
213 
105 20 143 6 1 12 64 
0 9 144 6 94 179 
31 12 57 12 134 116 
12 12 12 128 
203 
12 49 6 12 178 3 112 
102 
1 6 6 0 1 144 
0 142 
80 162 6 6 1 1 76 
152 81 126 65 0 
12 53 87 126 6 
191 1 183 9 7 
140 183 141 75 1 40 
114 12 0 37 1 1 
12 169 6 6 
1 9 42 1 0 13 1 
6 0 56 52 124 70 
6 128 176 119 20 174 1 
0 156 
0 17 1 1 6 
123 42 25 0 40 
12 43 1 78 176 1 
12 6 1 12 32 77 
156 12 1 6 1 
0 155 123 1 1 
147 0 
12 120 50 112 173 60 
49 0 187 126 46 1 
129 184 40 1 56 6 136 
0 6 6 143 
101 6 1 12 6 7 1 
135 25 43 12 134 155 158 70 
21 6 6 1 6 28 
123 0 1 6 1 
154 1 112 6 23 
12 6 161 1 162 
1 17 0 68 1 
34 25 6 1 57 12 118 1 
5 
58 149 0 1 6 69 1 
94 35 111 113 6 12 11 69 
1 1 31 12 12 1 140 130 
130 156 6 135 45 69 
164 
0 12 36 6 
1 12 12 6 6 1 37 1 
22 158 129 151 
1 141 0 89 6 
0 47 
1 73 12 151 89 
80 12 65 1 44 
1 0 12 6 1 
12 12 135 70 166 26 
101 51 12 12 6 
94 6 154 12 
52 23 0 51 
0 54 9 64 12 
0 1 149 6 118 6 
12 6 1 41 83 6 67 64 
1 54 1 1 12 44 6 6 120 
48 0 6 155 187 113 
1 6 1 0 6 65 28 
127 12 66 
6 128 19 6 6 6 6 1 
6 150 1 8 8 1 
35 1 114 0 6 
12 12 134 6 1 128 
6 58 28 1 119 173 125 48 
12 116 1 123 82 1 1 40 56 
6 6 113 149 1 44 1 12 134 
1 0 1 179 6 31 81 
6 50 81 50 19 6 1 64 
12 126 1 174 17 6 116 
1 120 0 6 1 6 112 
12 76 6 6 16 6 1 
198 
150 6 1 31 6 27 
46 99 178 117 1 180 112 
12 77 6 1 1 23 
23 17 12 1 6 1 
183 72 70 82 1 
161 98 
64 60 0 1 1 1 
1 1 90 12 6 39 1 1 
169 0 
6 112 12 84 12 179 
25 68 170 94 6 94 44 6 27 
181 
0 6 180 12 
177 1 18 1 126 
58 67 174 113 125 58 140 174 1 1 
6 12 12 6 110 
148 111 1 170 22 
6 169 1 46 12 
127 12 12 
6 6 1 12 88 43 6 
71 
48 12 65 6 64 6 155 1 1 1 
88 1 0 3 1 
1 6 34 1 9 12 35 1 
12 6 12 12 1 114 
59 
171 21 
58 76 6 6 95 1 116 
6 35 91 12 54 135 
0 3 52 129 179 48 
195 56 1 28 2 134 
12 37 191 1 68 
0 72 
140 111 0 65 69 31 1 
110 108 6 133 
0 69 54 125 1 
171 126 106 6 
72 113 53 1 43 172 
12 127 172 129 83 
122 
12 149 6 0 
211 
6 109 6 1 117 1 
1 6 171 12 120 
6 12 6 78 
205 
0 16 12 
12 12 1 69 37 26 1 151 70 
1 81 145 144 12 
0 12 19 6 9 
6 63 27 1 1 6 60 26 
11 173 140 37 12 54 34 30 130 
92 6 188 152 1 1 
12 20 45 110 141 
20 94 0 1 6 1 
12 12 1 12 6 1 
6 143 195 6 
127 1 2 6 48 
0 180 162 32 6 67 58 
12 6 12 12 1 1 
150 178 45 6 170 1 
108 1 12 6 81 
1 7 98 106 1 
131 128 110 
79 1 12 1 6 
149 186 12 6 
118 36 12 0 69 
1 12 33 124 1 
182 0 
12 108 42 133 
6 86 1 26 119 
0 183 82 6 
0 55 
1 131 100 12 1 58 
162 0 6 120 52 6 
67 6 35 26 1 87 1 49 
0 12 65 6 1 
53 1 101 6 6 89 130 1 
12 12 50 34 1 111 
6 6 6 6 12 135 6 
0 1 1 1 69 6 19 116 
152 34 0 172 9 
0 12 1 26 1 1 
130 119 6 6 69 12 1 26 
144 118 6 1 6 6 183 1 32 
104 178 6 179 1 176 10 
91 147 173 27 1 89 1 
50 12 12 44 1 1 
60 12 0 
6 63 12 6 6 1 1 
0 157 12 49 
195 174 6 115 9 1 
129 133 53 1 12 134 6 
93 6 1 34 111 113 130 
145 12 3 40 1 
0 1 57 100 135 
57 0 64 126 1 
6 1 110 0 1 
6 12 129 106 136 176 1 43 
44 6 12 22 
130 1 7 70 12 1 135 12 
165 
6 12 22 20 
6 6 0 45 56 1 
92 174 12 12 9 146 
1 0 12 6 111 
6 0 12 6 
53 155 200 1 1 
0 158 1 146 104 
0 31 12 83 1 
10 6 1 128 178 
0 48 105 83 57 
152 188 169 
111 162 36 12 12 1 67 6 
39 154 179 53 111 
1 0 6 6 91 25 
12 12 19 1 1 6 113 20 
92 133 72 81 28 
188 12 20 1 6 157 1 
43 1 1 110 1 158 6 1 1 
109 6 6 6 1 1 
1 107 67 127 179 174 1 
103 152 188 106 
6 0 187 12 
1 12 12 118 1 12 1 
95 1 1 6 144 113 1 
136 176 70 68 152 48 12 113 1 
176 46 0 12 6 
1 6 34 0 1 136 118 
72 120 6 1 91 176 67 
0 12 20 1 1 
6 33 12 111 100 
6 0 123 1 100 
0 6 6 12 
0 1 91 1 6 29 
0 68 166 1 32 
6 0 128 112 43 
6 79 1 1 1 6 1 
89 0 41 19 6 
185 135 119 13 
138 
99 146 1 134 1 6 6 
6 0 1 1 119 
12 12 6 12 114 1 
176 187 1 0 12 
0 1 1 1 6 6 1 
6 0 116 40 1 83 48 1 
97 0 
12 12 77 6 49 
195 6 12 36 
34 110 134 6 6 27 144 107 
